Number of items 	360

i		 a1			 a2			 a3			 a4			     a5			 a6			 a7			 a8			 a9			 a10			 Nst
0		[45.0]		[100.0]		[1.0]		[1.0]		[1.0]		[1.0]		[1.0]		[1.0]		[1.0]		[1.0]		[1]		
1		[46.0]		[101.0]		[1.0]		[1.0]		[1.0]		[1.0]		[1.0]		[1.0]		[1.0]		[1.0]		[1]		
2		[47.0]		[102.0]		[1.0]		[1.0]		[1.0]		[1.0]		[1.0]		[1.0]		[1.0]		[1.0]		[1]		
3		[48.0]		[103.0]		[1.0]		[1.0]		[1.0]		[1.0]		[1.0]		[1.0]		[1.0]		[1.0]		[1]		
4		[49.0]		[104.0]		[1.0]		[1.0]		[1.0]		[1.0]		[1.0]		[1.0]		[1.0]		[1.0]		[1]		
5		[50.0]		[105.0]		[1.0]		[1.0]		[1.0]		[1.0]		[1.0]		[1.0]		[1.0]		[1.0]		[1]		
6		[51.0]		[106.0]		[1.0]		[1.0]		[1.0]		[1.0]		[1.0]		[1.0]		[1.0]		[1.0]		[1]		
7		[52.0]		[107.0]		[1.0]		[1.0]		[1.0]		[1.0]		[1.0]		[1.0]		[1.0]		[1.0]		[1]		
8		[53.0]		[108.0]		[1.0]		[1.0]		[1.0]		[1.0]		[1.0]		[1.0]		[1.0]		[1.0]		[1]		
9		[54.0]		[109.0]		[1.0]		[1.0]		[1.0]		[1.0]		[1.0]		[1.0]		[1.0]		[1.0]		[1]		
10		[55.0]		[110.0]		[1.0]		[1.0]		[1.0]		[1.0]		[1.0]		[1.0]		[1.0]		[1.0]		[1]		
11		[56.0]		[111.0]		[1.0]		[1.0]		[1.0]		[1.0]		[1.0]		[1.0]		[1.0]		[1.0]		[1]		
12		[57.0]		[112.0]		[1.0]		[1.0]		[1.0]		[1.0]		[1.0]		[1.0]		[1.0]		[1.0]		[1]		
13		[58.0]		[113.0]		[1.0]		[1.0]		[1.0]		[1.0]		[1.0]		[1.0]		[1.0]		[1.0]		[1]		
14		[59.0]		[114.0]		[1.0]		[1.0]		[1.0]		[1.0]		[1.0]		[1.0]		[1.0]		[1.0]		[1]		
15		[60.0]		[115.0]		[1.0]		[1.0]		[1.0]		[1.0]		[1.0]		[1.0]		[1.0]		[1.0]		[1]		
16		[61.0]		[116.0]		[1.0]		[1.0]		[1.0]		[1.0]		[1.0]		[1.0]		[1.0]		[1.0]		[1]		
17		[62.0]		[117.0]		[1.0]		[1.0]		[1.0]		[1.0]		[1.0]		[1.0]		[1.0]		[1.0]		[1]		
18		[63.0]		[118.0]		[1.0]		[1.0]		[1.0]		[1.0]		[1.0]		[1.0]		[1.0]		[1.0]		[1]		
19		[64.0]		[119.0]		[1.0]		[1.0]		[1.0]		[1.0]		[1.0]		[1.0]		[1.0]		[1.0]		[1]		
20		[65.0]		[120.0]		[1.0]		[1.0]		[1.0]		[1.0]		[1.0]		[1.0]		[1.0]		[1.0]		[1]		
21		[66.0]		[121.0]		[1.0]		[1.0]		[1.0]		[1.0]		[1.0]		[1.0]		[1.0]		[1.0]		[1]		
22		[67.0]		[122.0]		[1.0]		[1.0]		[1.0]		[1.0]		[1.0]		[1.0]		[1.0]		[1.0]		[1]		
23		[68.0]		[123.0]		[1.0]		[1.0]		[1.0]		[1.0]		[1.0]		[1.0]		[1.0]		[1.0]		[1]		
24		[69.0]		[124.0]		[1.0]		[1.0]		[1.0]		[1.0]		[1.0]		[1.0]		[1.0]		[1.0]		[1]		
25		[70.0]		[125.0]		[1.0]		[1.0]		[1.0]		[1.0]		[1.0]		[1.0]		[1.0]		[1.0]		[1]		
26		[71.0]		[126.0]		[1.0]		[1.0]		[1.0]		[1.0]		[1.0]		[1.0]		[1.0]		[1.0]		[1]		
27		[72.0]		[127.0]		[1.0]		[1.0]		[1.0]		[1.0]		[1.0]		[1.0]		[1.0]		[1.0]		[1]		
28		[73.0]		[128.0]		[1.0]		[1.0]		[1.0]		[1.0]		[1.0]		[1.0]		[1.0]		[1.0]		[1]		
29		[74.0]		[129.0]		[1.0]		[1.0]		[1.0]		[1.0]		[1.0]		[1.0]		[1.0]		[1.0]		[1]		
30		[75.0]		[130.0]		[1.0]		[1.0]		[1.0]		[1.0]		[1.0]		[1.0]		[1.0]		[1.0]		[1]		
31		[76.0]		[131.0]		[1.0]		[1.0]		[1.0]		[1.0]		[1.0]		[1.0]		[1.0]		[1.0]		[1]		
32		[77.0]		[132.0]		[1.0]		[1.0]		[1.0]		[1.0]		[1.0]		[1.0]		[1.0]		[1.0]		[1]		
33		[78.0]		[133.0]		[1.0]		[1.0]		[1.0]		[1.0]		[1.0]		[1.0]		[1.0]		[1.0]		[1]		
34		[79.0]		[134.0]		[1.0]		[1.0]		[1.0]		[1.0]		[1.0]		[1.0]		[1.0]		[1.0]		[1]		
35		[80.0]		[135.0]		[1.0]		[1.0]		[1.0]		[1.0]		[1.0]		[1.0]		[1.0]		[1.0]		[1]		
36		[81.0]		[136.0]		[1.0]		[1.0]		[1.0]		[1.0]		[1.0]		[1.0]		[1.0]		[1.0]		[1]		
37		[82.0]		[137.0]		[1.0]		[1.0]		[1.0]		[1.0]		[1.0]		[1.0]		[1.0]		[1.0]		[1]		
38		[83.0]		[138.0]		[1.0]		[1.0]		[1.0]		[1.0]		[1.0]		[1.0]		[1.0]		[1.0]		[1]		
39		[84.0]		[139.0]		[1.0]		[1.0]		[1.0]		[1.0]		[1.0]		[1.0]		[1.0]		[1.0]		[1]		
40		[85.0]		[140.0]		[1.0]		[1.0]		[1.0]		[1.0]		[1.0]		[1.0]		[1.0]		[1.0]		[1]		
41		[86.0]		[141.0]		[1.0]		[1.0]		[1.0]		[1.0]		[1.0]		[1.0]		[1.0]		[1.0]		[1]		
42		[87.0]		[142.0]		[1.0]		[1.0]		[1.0]		[1.0]		[1.0]		[1.0]		[1.0]		[1.0]		[1]		
43		[88.0]		[143.0]		[1.0]		[1.0]		[1.0]		[1.0]		[1.0]		[1.0]		[1.0]		[1.0]		[1]		
44		[89.0]		[144.0]		[1.0]		[1.0]		[1.0]		[1.0]		[1.0]		[1.0]		[1.0]		[1.0]		[1]		
45		[90.0]		[145.0]		[1.0]		[1.0]		[1.0]		[1.0]		[1.0]		[1.0]		[1.0]		[1.0]		[1]		
46		[91.0]		[146.0]		[1.0]		[1.0]		[1.0]		[1.0]		[1.0]		[1.0]		[1.0]		[1.0]		[1]		
47		[92.0]		[147.0]		[1.0]		[1.0]		[1.0]		[1.0]		[1.0]		[1.0]		[1.0]		[1.0]		[1]		
48		[93.0]		[148.0]		[1.0]		[1.0]		[1.0]		[1.0]		[1.0]		[1.0]		[1.0]		[1.0]		[1]		
49		[94.0]		[149.0]		[1.0]		[1.0]		[1.0]		[1.0]		[1.0]		[1.0]		[1.0]		[1.0]		[1]		
50		[95.0]		[150.0]		[1.0]		[1.0]		[1.0]		[1.0]		[1.0]		[1.0]		[1.0]		[1.0]		[1]		
51		[96.0]		[151.0]		[1.0]		[1.0]		[1.0]		[1.0]		[1.0]		[1.0]		[1.0]		[1.0]		[1]		
52		[97.0]		[152.0]		[1.0]		[1.0]		[1.0]		[1.0]		[1.0]		[1.0]		[1.0]		[1.0]		[1]		
53		[98.0]		[153.0]		[1.0]		[1.0]		[1.0]		[1.0]		[1.0]		[1.0]		[1.0]		[1.0]		[1]		
54		[99.0]		[154.0]		[1.0]		[1.0]		[1.0]		[1.0]		[1.0]		[1.0]		[1.0]		[1.0]		[1]		
55		[100.0]		[155.0]		[1.0]		[1.0]		[1.0]		[1.0]		[1.0]		[1.0]		[1.0]		[1.0]		[1]		
56		[101.0]		[156.0]		[1.0]		[1.0]		[1.0]		[1.0]		[1.0]		[1.0]		[1.0]		[1.0]		[1]		
57		[102.0]		[157.0]		[1.0]		[1.0]		[1.0]		[1.0]		[1.0]		[1.0]		[1.0]		[1.0]		[1]		
58		[103.0]		[158.0]		[1.0]		[1.0]		[1.0]		[1.0]		[1.0]		[1.0]		[1.0]		[1.0]		[1]		
59		[104.0]		[159.0]		[1.0]		[1.0]		[1.0]		[1.0]		[1.0]		[1.0]		[1.0]		[1.0]		[1]		
60		[105.0]		[160.0]		[1.0]		[1.0]		[1.0]		[1.0]		[1.0]		[1.0]		[1.0]		[1.0]		[1]		
61		[106.0]		[161.0]		[1.0]		[1.0]		[1.0]		[1.0]		[1.0]		[1.0]		[1.0]		[1.0]		[1]		
62		[107.0]		[162.0]		[1.0]		[1.0]		[1.0]		[1.0]		[1.0]		[1.0]		[1.0]		[1.0]		[1]		
63		[108.0]		[163.0]		[1.0]		[1.0]		[1.0]		[1.0]		[1.0]		[1.0]		[1.0]		[1.0]		[1]		
64		[109.0]		[164.0]		[1.0]		[1.0]		[1.0]		[1.0]		[1.0]		[1.0]		[1.0]		[1.0]		[1]		
65		[110.0]		[165.0]		[1.0]		[1.0]		[1.0]		[1.0]		[1.0]		[1.0]		[1.0]		[1.0]		[1]		
66		[111.0]		[166.0]		[1.0]		[1.0]		[1.0]		[1.0]		[1.0]		[1.0]		[1.0]		[1.0]		[1]		
67		[112.0]		[167.0]		[1.0]		[1.0]		[1.0]		[1.0]		[1.0]		[1.0]		[1.0]		[1.0]		[1]		
68		[113.0]		[168.0]		[1.0]		[1.0]		[1.0]		[1.0]		[1.0]		[1.0]		[1.0]		[1.0]		[1]		
69		[114.0]		[169.0]		[1.0]		[1.0]		[1.0]		[1.0]		[1.0]		[1.0]		[1.0]		[1.0]		[1]		
70		[115.0]		[170.0]		[1.0]		[1.0]		[1.0]		[1.0]		[1.0]		[1.0]		[1.0]		[1.0]		[1]		
71		[116.0]		[171.0]		[1.0]		[1.0]		[1.0]		[1.0]		[1.0]		[1.0]		[1.0]		[1.0]		[1]		
72		[1.0]		[1.0]		[20.0]		[20.0]		[20.0]		[20.0]		[20.0]		[20.0]		[20.0]		[20.0]		[2]		
73		[1.0]		[1.0]		[21.0]		[21.0]		[21.0]		[21.0]		[21.0]		[21.0]		[21.0]		[21.0]		[2]		
74		[1.0]		[1.0]		[22.0]		[22.0]		[22.0]		[22.0]		[22.0]		[22.0]		[22.0]		[22.0]		[2]		
75		[1.0]		[1.0]		[23.0]		[23.0]		[23.0]		[23.0]		[23.0]		[23.0]		[23.0]		[23.0]		[2]		
76		[1.0]		[1.0]		[24.0]		[24.0]		[24.0]		[24.0]		[24.0]		[24.0]		[24.0]		[24.0]		[2]		
77		[1.0]		[1.0]		[25.0]		[25.0]		[25.0]		[25.0]		[25.0]		[25.0]		[25.0]		[25.0]		[2]		
78		[1.0]		[1.0]		[26.0]		[26.0]		[26.0]		[26.0]		[26.0]		[26.0]		[26.0]		[26.0]		[2]		
79		[1.0]		[1.0]		[27.0]		[27.0]		[27.0]		[27.0]		[27.0]		[27.0]		[27.0]		[27.0]		[2]		
80		[1.0]		[1.0]		[28.0]		[28.0]		[28.0]		[28.0]		[28.0]		[28.0]		[28.0]		[28.0]		[2]		
81		[1.0]		[1.0]		[29.0]		[29.0]		[29.0]		[29.0]		[29.0]		[29.0]		[29.0]		[29.0]		[2]		
82		[1.0]		[1.0]		[30.0]		[30.0]		[30.0]		[30.0]		[30.0]		[30.0]		[30.0]		[30.0]		[2]		
83		[1.0]		[1.0]		[31.0]		[31.0]		[31.0]		[31.0]		[31.0]		[31.0]		[31.0]		[31.0]		[2]		
84		[1.0]		[1.0]		[32.0]		[32.0]		[32.0]		[32.0]		[32.0]		[32.0]		[32.0]		[32.0]		[2]		
85		[1.0]		[1.0]		[33.0]		[33.0]		[33.0]		[33.0]		[33.0]		[33.0]		[33.0]		[33.0]		[2]		
86		[1.0]		[1.0]		[34.0]		[34.0]		[34.0]		[34.0]		[34.0]		[34.0]		[34.0]		[34.0]		[2]		
87		[1.0]		[1.0]		[35.0]		[35.0]		[35.0]		[35.0]		[35.0]		[35.0]		[35.0]		[35.0]		[2]		
88		[1.0]		[1.0]		[36.0]		[36.0]		[36.0]		[36.0]		[36.0]		[36.0]		[36.0]		[36.0]		[2]		
89		[1.0]		[1.0]		[37.0]		[37.0]		[37.0]		[37.0]		[37.0]		[37.0]		[37.0]		[37.0]		[2]		
90		[1.0]		[1.0]		[38.0]		[38.0]		[38.0]		[38.0]		[38.0]		[38.0]		[38.0]		[38.0]		[2]		
91		[1.0]		[1.0]		[39.0]		[39.0]		[39.0]		[39.0]		[39.0]		[39.0]		[39.0]		[39.0]		[2]		
92		[1.0]		[1.0]		[40.0]		[40.0]		[40.0]		[40.0]		[40.0]		[40.0]		[40.0]		[40.0]		[2]		
93		[1.0]		[1.0]		[41.0]		[41.0]		[41.0]		[41.0]		[41.0]		[41.0]		[41.0]		[41.0]		[2]		
94		[1.0]		[1.0]		[42.0]		[42.0]		[42.0]		[42.0]		[42.0]		[42.0]		[42.0]		[42.0]		[2]		
95		[1.0]		[1.0]		[43.0]		[43.0]		[43.0]		[43.0]		[43.0]		[43.0]		[43.0]		[43.0]		[2]		
96		[1.0]		[1.0]		[44.0]		[44.0]		[44.0]		[44.0]		[44.0]		[44.0]		[44.0]		[44.0]		[2]		
97		[1.0]		[1.0]		[45.0]		[45.0]		[45.0]		[45.0]		[45.0]		[45.0]		[45.0]		[45.0]		[2]		
98		[1.0]		[1.0]		[46.0]		[46.0]		[46.0]		[46.0]		[46.0]		[46.0]		[46.0]		[46.0]		[2]		
99		[1.0]		[1.0]		[47.0]		[47.0]		[47.0]		[47.0]		[47.0]		[47.0]		[47.0]		[47.0]		[2]		
100		[1.0]		[1.0]		[48.0]		[48.0]		[48.0]		[48.0]		[48.0]		[48.0]		[48.0]		[48.0]		[2]		
101		[1.0]		[1.0]		[49.0]		[49.0]		[49.0]		[49.0]		[49.0]		[49.0]		[49.0]		[49.0]		[2]		
102		[1.0]		[1.0]		[50.0]		[50.0]		[50.0]		[50.0]		[50.0]		[50.0]		[50.0]		[50.0]		[2]		
103		[1.0]		[1.0]		[51.0]		[51.0]		[51.0]		[51.0]		[51.0]		[51.0]		[51.0]		[51.0]		[2]		
104		[1.0]		[1.0]		[52.0]		[52.0]		[52.0]		[52.0]		[52.0]		[52.0]		[52.0]		[52.0]		[2]		
105		[1.0]		[1.0]		[53.0]		[53.0]		[53.0]		[53.0]		[53.0]		[53.0]		[53.0]		[53.0]		[2]		
106		[1.0]		[1.0]		[54.0]		[54.0]		[54.0]		[54.0]		[54.0]		[54.0]		[54.0]		[54.0]		[2]		
107		[1.0]		[1.0]		[55.0]		[55.0]		[55.0]		[55.0]		[55.0]		[55.0]		[55.0]		[55.0]		[2]		
108		[1.0]		[1.0]		[56.0]		[56.0]		[56.0]		[56.0]		[56.0]		[56.0]		[56.0]		[56.0]		[2]		
109		[1.0]		[1.0]		[57.0]		[57.0]		[57.0]		[57.0]		[57.0]		[57.0]		[57.0]		[57.0]		[2]		
110		[1.0]		[1.0]		[58.0]		[58.0]		[58.0]		[58.0]		[58.0]		[58.0]		[58.0]		[58.0]		[2]		
111		[1.0]		[1.0]		[59.0]		[59.0]		[59.0]		[59.0]		[59.0]		[59.0]		[59.0]		[59.0]		[2]		
112		[1.0]		[1.0]		[60.0]		[60.0]		[60.0]		[60.0]		[60.0]		[60.0]		[60.0]		[60.0]		[2]		
113		[1.0]		[1.0]		[61.0]		[61.0]		[61.0]		[61.0]		[61.0]		[61.0]		[61.0]		[61.0]		[2]		
114		[1.0]		[1.0]		[62.0]		[62.0]		[62.0]		[62.0]		[62.0]		[62.0]		[62.0]		[62.0]		[2]		
115		[1.0]		[1.0]		[63.0]		[63.0]		[63.0]		[63.0]		[63.0]		[63.0]		[63.0]		[63.0]		[2]		
116		[1.0]		[1.0]		[64.0]		[64.0]		[64.0]		[64.0]		[64.0]		[64.0]		[64.0]		[64.0]		[2]		
117		[1.0]		[1.0]		[65.0]		[65.0]		[65.0]		[65.0]		[65.0]		[65.0]		[65.0]		[65.0]		[2]		
118		[1.0]		[1.0]		[66.0]		[66.0]		[66.0]		[66.0]		[66.0]		[66.0]		[66.0]		[66.0]		[2]		
119		[1.0]		[1.0]		[67.0]		[67.0]		[67.0]		[67.0]		[67.0]		[67.0]		[67.0]		[67.0]		[2]		
120		[1.0]		[1.0]		[68.0]		[68.0]		[68.0]		[68.0]		[68.0]		[68.0]		[68.0]		[68.0]		[2]		
121		[1.0]		[1.0]		[69.0]		[69.0]		[69.0]		[69.0]		[69.0]		[69.0]		[69.0]		[69.0]		[2]		
122		[1.0]		[1.0]		[70.0]		[70.0]		[70.0]		[70.0]		[70.0]		[70.0]		[70.0]		[70.0]		[2]		
123		[1.0]		[1.0]		[71.0]		[71.0]		[71.0]		[71.0]		[71.0]		[71.0]		[71.0]		[71.0]		[2]		
124		[1.0]		[1.0]		[72.0]		[72.0]		[72.0]		[72.0]		[72.0]		[72.0]		[72.0]		[72.0]		[2]		
125		[1.0]		[1.0]		[73.0]		[73.0]		[73.0]		[73.0]		[73.0]		[73.0]		[73.0]		[73.0]		[2]		
126		[1.0]		[1.0]		[74.0]		[74.0]		[74.0]		[74.0]		[74.0]		[74.0]		[74.0]		[74.0]		[2]		
127		[1.0]		[1.0]		[75.0]		[75.0]		[75.0]		[75.0]		[75.0]		[75.0]		[75.0]		[75.0]		[2]		
128		[1.0]		[1.0]		[76.0]		[76.0]		[76.0]		[76.0]		[76.0]		[76.0]		[76.0]		[76.0]		[2]		
129		[1.0]		[1.0]		[77.0]		[77.0]		[77.0]		[77.0]		[77.0]		[77.0]		[77.0]		[77.0]		[2]		
130		[1.0]		[1.0]		[78.0]		[78.0]		[78.0]		[78.0]		[78.0]		[78.0]		[78.0]		[78.0]		[2]		
131		[1.0]		[1.0]		[79.0]		[79.0]		[79.0]		[79.0]		[79.0]		[79.0]		[79.0]		[79.0]		[2]		
132		[1.0]		[1.0]		[80.0]		[80.0]		[80.0]		[80.0]		[80.0]		[80.0]		[80.0]		[80.0]		[2]		
133		[1.0]		[1.0]		[81.0]		[81.0]		[81.0]		[81.0]		[81.0]		[81.0]		[81.0]		[81.0]		[2]		
134		[1.0]		[1.0]		[82.0]		[82.0]		[82.0]		[82.0]		[82.0]		[82.0]		[82.0]		[82.0]		[2]		
135		[1.0]		[1.0]		[83.0]		[83.0]		[83.0]		[83.0]		[83.0]		[83.0]		[83.0]		[83.0]		[2]		
136		[1.0]		[1.0]		[84.0]		[84.0]		[84.0]		[84.0]		[84.0]		[84.0]		[84.0]		[84.0]		[2]		
137		[1.0]		[1.0]		[85.0]		[85.0]		[85.0]		[85.0]		[85.0]		[85.0]		[85.0]		[85.0]		[2]		
138		[1.0]		[1.0]		[86.0]		[86.0]		[86.0]		[86.0]		[86.0]		[86.0]		[86.0]		[86.0]		[2]		
139		[1.0]		[1.0]		[87.0]		[87.0]		[87.0]		[87.0]		[87.0]		[87.0]		[87.0]		[87.0]		[2]		
140		[1.0]		[1.0]		[88.0]		[88.0]		[88.0]		[88.0]		[88.0]		[88.0]		[88.0]		[88.0]		[2]		
141		[1.0]		[1.0]		[89.0]		[89.0]		[89.0]		[89.0]		[89.0]		[89.0]		[89.0]		[89.0]		[2]		
142		[1.0]		[1.0]		[90.0]		[90.0]		[90.0]		[90.0]		[90.0]		[90.0]		[90.0]		[90.0]		[2]		
143		[1.0]		[1.0]		[91.0]		[91.0]		[91.0]		[91.0]		[91.0]		[91.0]		[91.0]		[91.0]		[2]		
144		[100.0]		[200.0]		[200.0]		[200.0]		[200.0]		[200.0]		[200.0]		[200.0]		[200.0]		[200.0]		[3]		
145		[101.0]		[201.0]		[201.0]		[201.0]		[201.0]		[201.0]		[201.0]		[201.0]		[201.0]		[201.0]		[3]		
146		[102.0]		[202.0]		[202.0]		[202.0]		[202.0]		[202.0]		[202.0]		[202.0]		[202.0]		[202.0]		[3]		
147		[103.0]		[203.0]		[203.0]		[203.0]		[203.0]		[203.0]		[203.0]		[203.0]		[203.0]		[203.0]		[3]		
148		[104.0]		[204.0]		[204.0]		[204.0]		[204.0]		[204.0]		[204.0]		[204.0]		[204.0]		[204.0]		[3]		
149		[105.0]		[205.0]		[205.0]		[205.0]		[205.0]		[205.0]		[205.0]		[205.0]		[205.0]		[205.0]		[3]		
150		[106.0]		[206.0]		[206.0]		[206.0]		[206.0]		[206.0]		[206.0]		[206.0]		[206.0]		[206.0]		[3]		
151		[107.0]		[207.0]		[207.0]		[207.0]		[207.0]		[207.0]		[207.0]		[207.0]		[207.0]		[207.0]		[3]		
152		[108.0]		[208.0]		[208.0]		[208.0]		[208.0]		[208.0]		[208.0]		[208.0]		[208.0]		[208.0]		[3]		
153		[109.0]		[209.0]		[209.0]		[209.0]		[209.0]		[209.0]		[209.0]		[209.0]		[209.0]		[209.0]		[3]		
154		[110.0]		[210.0]		[210.0]		[210.0]		[210.0]		[210.0]		[210.0]		[210.0]		[210.0]		[210.0]		[3]		
155		[111.0]		[211.0]		[211.0]		[211.0]		[211.0]		[211.0]		[211.0]		[211.0]		[211.0]		[211.0]		[3]		
156		[112.0]		[212.0]		[212.0]		[212.0]		[212.0]		[212.0]		[212.0]		[212.0]		[212.0]		[212.0]		[3]		
157		[113.0]		[213.0]		[213.0]		[213.0]		[213.0]		[213.0]		[213.0]		[213.0]		[213.0]		[213.0]		[3]		
158		[114.0]		[214.0]		[214.0]		[214.0]		[214.0]		[214.0]		[214.0]		[214.0]		[214.0]		[214.0]		[3]		
159		[115.0]		[215.0]		[215.0]		[215.0]		[215.0]		[215.0]		[215.0]		[215.0]		[215.0]		[215.0]		[3]		
160		[116.0]		[216.0]		[216.0]		[216.0]		[216.0]		[216.0]		[216.0]		[216.0]		[216.0]		[216.0]		[3]		
161		[117.0]		[217.0]		[217.0]		[217.0]		[217.0]		[217.0]		[217.0]		[217.0]		[217.0]		[217.0]		[3]		
162		[118.0]		[218.0]		[218.0]		[218.0]		[218.0]		[218.0]		[218.0]		[218.0]		[218.0]		[218.0]		[3]		
163		[119.0]		[219.0]		[219.0]		[219.0]		[219.0]		[219.0]		[219.0]		[219.0]		[219.0]		[219.0]		[3]		
164		[120.0]		[220.0]		[220.0]		[220.0]		[220.0]		[220.0]		[220.0]		[220.0]		[220.0]		[220.0]		[3]		
165		[121.0]		[221.0]		[221.0]		[221.0]		[221.0]		[221.0]		[221.0]		[221.0]		[221.0]		[221.0]		[3]		
166		[122.0]		[222.0]		[222.0]		[222.0]		[222.0]		[222.0]		[222.0]		[222.0]		[222.0]		[222.0]		[3]		
167		[123.0]		[223.0]		[223.0]		[223.0]		[223.0]		[223.0]		[223.0]		[223.0]		[223.0]		[223.0]		[3]		
168		[124.0]		[224.0]		[224.0]		[224.0]		[224.0]		[224.0]		[224.0]		[224.0]		[224.0]		[224.0]		[3]		
169		[125.0]		[225.0]		[225.0]		[225.0]		[225.0]		[225.0]		[225.0]		[225.0]		[225.0]		[225.0]		[3]		
170		[126.0]		[226.0]		[226.0]		[226.0]		[226.0]		[226.0]		[226.0]		[226.0]		[226.0]		[226.0]		[3]		
171		[127.0]		[227.0]		[227.0]		[227.0]		[227.0]		[227.0]		[227.0]		[227.0]		[227.0]		[227.0]		[3]		
172		[128.0]		[228.0]		[228.0]		[228.0]		[228.0]		[228.0]		[228.0]		[228.0]		[228.0]		[228.0]		[3]		
173		[129.0]		[229.0]		[229.0]		[229.0]		[229.0]		[229.0]		[229.0]		[229.0]		[229.0]		[229.0]		[3]		
174		[130.0]		[230.0]		[230.0]		[230.0]		[230.0]		[230.0]		[230.0]		[230.0]		[230.0]		[230.0]		[3]		
175		[131.0]		[231.0]		[231.0]		[231.0]		[231.0]		[231.0]		[231.0]		[231.0]		[231.0]		[231.0]		[3]		
176		[132.0]		[232.0]		[232.0]		[232.0]		[232.0]		[232.0]		[232.0]		[232.0]		[232.0]		[232.0]		[3]		
177		[133.0]		[233.0]		[233.0]		[233.0]		[233.0]		[233.0]		[233.0]		[233.0]		[233.0]		[233.0]		[3]		
178		[134.0]		[234.0]		[234.0]		[234.0]		[234.0]		[234.0]		[234.0]		[234.0]		[234.0]		[234.0]		[3]		
179		[135.0]		[235.0]		[235.0]		[235.0]		[235.0]		[235.0]		[235.0]		[235.0]		[235.0]		[235.0]		[3]		
180		[136.0]		[236.0]		[236.0]		[236.0]		[236.0]		[236.0]		[236.0]		[236.0]		[236.0]		[236.0]		[3]		
181		[137.0]		[237.0]		[237.0]		[237.0]		[237.0]		[237.0]		[237.0]		[237.0]		[237.0]		[237.0]		[3]		
182		[138.0]		[238.0]		[238.0]		[238.0]		[238.0]		[238.0]		[238.0]		[238.0]		[238.0]		[238.0]		[3]		
183		[139.0]		[239.0]		[239.0]		[239.0]		[239.0]		[239.0]		[239.0]		[239.0]		[239.0]		[239.0]		[3]		
184		[140.0]		[240.0]		[240.0]		[240.0]		[240.0]		[240.0]		[240.0]		[240.0]		[240.0]		[240.0]		[3]		
185		[141.0]		[241.0]		[241.0]		[241.0]		[241.0]		[241.0]		[241.0]		[241.0]		[241.0]		[241.0]		[3]		
186		[142.0]		[242.0]		[242.0]		[242.0]		[242.0]		[242.0]		[242.0]		[242.0]		[242.0]		[242.0]		[3]		
187		[143.0]		[243.0]		[243.0]		[243.0]		[243.0]		[243.0]		[243.0]		[243.0]		[243.0]		[243.0]		[3]		
188		[144.0]		[244.0]		[244.0]		[244.0]		[244.0]		[244.0]		[244.0]		[244.0]		[244.0]		[244.0]		[3]		
189		[145.0]		[245.0]		[245.0]		[245.0]		[245.0]		[245.0]		[245.0]		[245.0]		[245.0]		[245.0]		[3]		
190		[146.0]		[246.0]		[246.0]		[246.0]		[246.0]		[246.0]		[246.0]		[246.0]		[246.0]		[246.0]		[3]		
191		[147.0]		[247.0]		[247.0]		[247.0]		[247.0]		[247.0]		[247.0]		[247.0]		[247.0]		[247.0]		[3]		
192		[148.0]		[248.0]		[248.0]		[248.0]		[248.0]		[248.0]		[248.0]		[248.0]		[248.0]		[248.0]		[3]		
193		[149.0]		[249.0]		[249.0]		[249.0]		[249.0]		[249.0]		[249.0]		[249.0]		[249.0]		[249.0]		[3]		
194		[150.0]		[250.0]		[250.0]		[250.0]		[250.0]		[250.0]		[250.0]		[250.0]		[250.0]		[250.0]		[3]		
195		[151.0]		[251.0]		[251.0]		[251.0]		[251.0]		[251.0]		[251.0]		[251.0]		[251.0]		[251.0]		[3]		
196		[152.0]		[252.0]		[252.0]		[252.0]		[252.0]		[252.0]		[252.0]		[252.0]		[252.0]		[252.0]		[3]		
197		[153.0]		[253.0]		[253.0]		[253.0]		[253.0]		[253.0]		[253.0]		[253.0]		[253.0]		[253.0]		[3]		
198		[154.0]		[254.0]		[254.0]		[254.0]		[254.0]		[254.0]		[254.0]		[254.0]		[254.0]		[254.0]		[3]		
199		[155.0]		[255.0]		[255.0]		[255.0]		[255.0]		[255.0]		[255.0]		[255.0]		[255.0]		[255.0]		[3]		
200		[156.0]		[256.0]		[256.0]		[256.0]		[256.0]		[256.0]		[256.0]		[256.0]		[256.0]		[256.0]		[3]		
201		[157.0]		[257.0]		[257.0]		[257.0]		[257.0]		[257.0]		[257.0]		[257.0]		[257.0]		[257.0]		[3]		
202		[158.0]		[258.0]		[258.0]		[258.0]		[258.0]		[258.0]		[258.0]		[258.0]		[258.0]		[258.0]		[3]		
203		[159.0]		[259.0]		[259.0]		[259.0]		[259.0]		[259.0]		[259.0]		[259.0]		[259.0]		[259.0]		[3]		
204		[160.0]		[260.0]		[260.0]		[260.0]		[260.0]		[260.0]		[260.0]		[260.0]		[260.0]		[260.0]		[3]		
205		[161.0]		[261.0]		[261.0]		[261.0]		[261.0]		[261.0]		[261.0]		[261.0]		[261.0]		[261.0]		[3]		
206		[162.0]		[262.0]		[262.0]		[262.0]		[262.0]		[262.0]		[262.0]		[262.0]		[262.0]		[262.0]		[3]		
207		[163.0]		[263.0]		[263.0]		[263.0]		[263.0]		[263.0]		[263.0]		[263.0]		[263.0]		[263.0]		[3]		
208		[164.0]		[264.0]		[264.0]		[264.0]		[264.0]		[264.0]		[264.0]		[264.0]		[264.0]		[264.0]		[3]		
209		[165.0]		[265.0]		[265.0]		[265.0]		[265.0]		[265.0]		[265.0]		[265.0]		[265.0]		[265.0]		[3]		
210		[166.0]		[266.0]		[266.0]		[266.0]		[266.0]		[266.0]		[266.0]		[266.0]		[266.0]		[266.0]		[3]		
211		[167.0]		[267.0]		[267.0]		[267.0]		[267.0]		[267.0]		[267.0]		[267.0]		[267.0]		[267.0]		[3]		
212		[168.0]		[268.0]		[268.0]		[268.0]		[268.0]		[268.0]		[268.0]		[268.0]		[268.0]		[268.0]		[3]		
213		[169.0]		[269.0]		[269.0]		[269.0]		[269.0]		[269.0]		[269.0]		[269.0]		[269.0]		[269.0]		[3]		
214		[170.0]		[270.0]		[270.0]		[270.0]		[270.0]		[270.0]		[270.0]		[270.0]		[270.0]		[270.0]		[3]		
215		[171.0]		[271.0]		[271.0]		[271.0]		[271.0]		[271.0]		[271.0]		[271.0]		[271.0]		[271.0]		[3]		
216		[1.0]		[1.0]		[300.0]		[300.0]		[300.0]		[300.0]		[300.0]		[300.0]		[300.0]		[300.0]		[4]		
217		[1.0]		[1.0]		[301.0]		[301.0]		[301.0]		[301.0]		[301.0]		[301.0]		[301.0]		[301.0]		[4]		
218		[1.0]		[1.0]		[302.0]		[302.0]		[302.0]		[302.0]		[302.0]		[302.0]		[302.0]		[302.0]		[4]		
219		[1.0]		[1.0]		[303.0]		[303.0]		[303.0]		[303.0]		[303.0]		[303.0]		[303.0]		[303.0]		[4]		
220		[1.0]		[1.0]		[304.0]		[304.0]		[304.0]		[304.0]		[304.0]		[304.0]		[304.0]		[304.0]		[4]		
221		[1.0]		[1.0]		[305.0]		[305.0]		[305.0]		[305.0]		[305.0]		[305.0]		[305.0]		[305.0]		[4]		
222		[1.0]		[1.0]		[306.0]		[306.0]		[306.0]		[306.0]		[306.0]		[306.0]		[306.0]		[306.0]		[4]		
223		[1.0]		[1.0]		[307.0]		[307.0]		[307.0]		[307.0]		[307.0]		[307.0]		[307.0]		[307.0]		[4]		
224		[1.0]		[1.0]		[308.0]		[308.0]		[308.0]		[308.0]		[308.0]		[308.0]		[308.0]		[308.0]		[4]		
225		[1.0]		[1.0]		[309.0]		[309.0]		[309.0]		[309.0]		[309.0]		[309.0]		[309.0]		[309.0]		[4]		
226		[1.0]		[1.0]		[310.0]		[310.0]		[310.0]		[310.0]		[310.0]		[310.0]		[310.0]		[310.0]		[4]		
227		[1.0]		[1.0]		[311.0]		[311.0]		[311.0]		[311.0]		[311.0]		[311.0]		[311.0]		[311.0]		[4]		
228		[1.0]		[1.0]		[312.0]		[312.0]		[312.0]		[312.0]		[312.0]		[312.0]		[312.0]		[312.0]		[4]		
229		[1.0]		[1.0]		[313.0]		[313.0]		[313.0]		[313.0]		[313.0]		[313.0]		[313.0]		[313.0]		[4]		
230		[1.0]		[1.0]		[314.0]		[314.0]		[314.0]		[314.0]		[314.0]		[314.0]		[314.0]		[314.0]		[4]		
231		[1.0]		[1.0]		[315.0]		[315.0]		[315.0]		[315.0]		[315.0]		[315.0]		[315.0]		[315.0]		[4]		
232		[1.0]		[1.0]		[316.0]		[316.0]		[316.0]		[316.0]		[316.0]		[316.0]		[316.0]		[316.0]		[4]		
233		[1.0]		[1.0]		[317.0]		[317.0]		[317.0]		[317.0]		[317.0]		[317.0]		[317.0]		[317.0]		[4]		
234		[1.0]		[1.0]		[318.0]		[318.0]		[318.0]		[318.0]		[318.0]		[318.0]		[318.0]		[318.0]		[4]		
235		[1.0]		[1.0]		[319.0]		[319.0]		[319.0]		[319.0]		[319.0]		[319.0]		[319.0]		[319.0]		[4]		
236		[1.0]		[1.0]		[320.0]		[320.0]		[320.0]		[320.0]		[320.0]		[320.0]		[320.0]		[320.0]		[4]		
237		[1.0]		[1.0]		[321.0]		[321.0]		[321.0]		[321.0]		[321.0]		[321.0]		[321.0]		[321.0]		[4]		
238		[1.0]		[1.0]		[322.0]		[322.0]		[322.0]		[322.0]		[322.0]		[322.0]		[322.0]		[322.0]		[4]		
239		[1.0]		[1.0]		[323.0]		[323.0]		[323.0]		[323.0]		[323.0]		[323.0]		[323.0]		[323.0]		[4]		
240		[1.0]		[1.0]		[324.0]		[324.0]		[324.0]		[324.0]		[324.0]		[324.0]		[324.0]		[324.0]		[4]		
241		[1.0]		[1.0]		[325.0]		[325.0]		[325.0]		[325.0]		[325.0]		[325.0]		[325.0]		[325.0]		[4]		
242		[1.0]		[1.0]		[326.0]		[326.0]		[326.0]		[326.0]		[326.0]		[326.0]		[326.0]		[326.0]		[4]		
243		[1.0]		[1.0]		[327.0]		[327.0]		[327.0]		[327.0]		[327.0]		[327.0]		[327.0]		[327.0]		[4]		
244		[1.0]		[1.0]		[328.0]		[328.0]		[328.0]		[328.0]		[328.0]		[328.0]		[328.0]		[328.0]		[4]		
245		[1.0]		[1.0]		[329.0]		[329.0]		[329.0]		[329.0]		[329.0]		[329.0]		[329.0]		[329.0]		[4]		
246		[1.0]		[1.0]		[330.0]		[330.0]		[330.0]		[330.0]		[330.0]		[330.0]		[330.0]		[330.0]		[4]		
247		[1.0]		[1.0]		[331.0]		[331.0]		[331.0]		[331.0]		[331.0]		[331.0]		[331.0]		[331.0]		[4]		
248		[1.0]		[1.0]		[332.0]		[332.0]		[332.0]		[332.0]		[332.0]		[332.0]		[332.0]		[332.0]		[4]		
249		[1.0]		[1.0]		[333.0]		[333.0]		[333.0]		[333.0]		[333.0]		[333.0]		[333.0]		[333.0]		[4]		
250		[1.0]		[1.0]		[334.0]		[334.0]		[334.0]		[334.0]		[334.0]		[334.0]		[334.0]		[334.0]		[4]		
251		[1.0]		[1.0]		[335.0]		[335.0]		[335.0]		[335.0]		[335.0]		[335.0]		[335.0]		[335.0]		[4]		
252		[1.0]		[1.0]		[336.0]		[336.0]		[336.0]		[336.0]		[336.0]		[336.0]		[336.0]		[336.0]		[4]		
253		[1.0]		[1.0]		[337.0]		[337.0]		[337.0]		[337.0]		[337.0]		[337.0]		[337.0]		[337.0]		[4]		
254		[1.0]		[1.0]		[338.0]		[338.0]		[338.0]		[338.0]		[338.0]		[338.0]		[338.0]		[338.0]		[4]		
255		[1.0]		[1.0]		[339.0]		[339.0]		[339.0]		[339.0]		[339.0]		[339.0]		[339.0]		[339.0]		[4]		
256		[1.0]		[1.0]		[340.0]		[340.0]		[340.0]		[340.0]		[340.0]		[340.0]		[340.0]		[340.0]		[4]		
257		[1.0]		[1.0]		[341.0]		[341.0]		[341.0]		[341.0]		[341.0]		[341.0]		[341.0]		[341.0]		[4]		
258		[1.0]		[1.0]		[342.0]		[342.0]		[342.0]		[342.0]		[342.0]		[342.0]		[342.0]		[342.0]		[4]		
259		[1.0]		[1.0]		[343.0]		[343.0]		[343.0]		[343.0]		[343.0]		[343.0]		[343.0]		[343.0]		[4]		
260		[1.0]		[1.0]		[344.0]		[344.0]		[344.0]		[344.0]		[344.0]		[344.0]		[344.0]		[344.0]		[4]		
261		[1.0]		[1.0]		[345.0]		[345.0]		[345.0]		[345.0]		[345.0]		[345.0]		[345.0]		[345.0]		[4]		
262		[1.0]		[1.0]		[346.0]		[346.0]		[346.0]		[346.0]		[346.0]		[346.0]		[346.0]		[346.0]		[4]		
263		[1.0]		[1.0]		[347.0]		[347.0]		[347.0]		[347.0]		[347.0]		[347.0]		[347.0]		[347.0]		[4]		
264		[1.0]		[1.0]		[348.0]		[348.0]		[348.0]		[348.0]		[348.0]		[348.0]		[348.0]		[348.0]		[4]		
265		[1.0]		[1.0]		[349.0]		[349.0]		[349.0]		[349.0]		[349.0]		[349.0]		[349.0]		[349.0]		[4]		
266		[1.0]		[1.0]		[350.0]		[350.0]		[350.0]		[350.0]		[350.0]		[350.0]		[350.0]		[350.0]		[4]		
267		[1.0]		[1.0]		[351.0]		[351.0]		[351.0]		[351.0]		[351.0]		[351.0]		[351.0]		[351.0]		[4]		
268		[1.0]		[1.0]		[352.0]		[352.0]		[352.0]		[352.0]		[352.0]		[352.0]		[352.0]		[352.0]		[4]		
269		[1.0]		[1.0]		[353.0]		[353.0]		[353.0]		[353.0]		[353.0]		[353.0]		[353.0]		[353.0]		[4]		
270		[1.0]		[1.0]		[354.0]		[354.0]		[354.0]		[354.0]		[354.0]		[354.0]		[354.0]		[354.0]		[4]		
271		[1.0]		[1.0]		[355.0]		[355.0]		[355.0]		[355.0]		[355.0]		[355.0]		[355.0]		[355.0]		[4]		
272		[1.0]		[1.0]		[356.0]		[356.0]		[356.0]		[356.0]		[356.0]		[356.0]		[356.0]		[356.0]		[4]		
273		[1.0]		[1.0]		[357.0]		[357.0]		[357.0]		[357.0]		[357.0]		[357.0]		[357.0]		[357.0]		[4]		
274		[1.0]		[1.0]		[358.0]		[358.0]		[358.0]		[358.0]		[358.0]		[358.0]		[358.0]		[358.0]		[4]		
275		[1.0]		[1.0]		[359.0]		[359.0]		[359.0]		[359.0]		[359.0]		[359.0]		[359.0]		[359.0]		[4]		
276		[1.0]		[1.0]		[360.0]		[360.0]		[360.0]		[360.0]		[360.0]		[360.0]		[360.0]		[360.0]		[4]		
277		[1.0]		[1.0]		[361.0]		[361.0]		[361.0]		[361.0]		[361.0]		[361.0]		[361.0]		[361.0]		[4]		
278		[1.0]		[1.0]		[362.0]		[362.0]		[362.0]		[362.0]		[362.0]		[362.0]		[362.0]		[362.0]		[4]		
279		[1.0]		[1.0]		[363.0]		[363.0]		[363.0]		[363.0]		[363.0]		[363.0]		[363.0]		[363.0]		[4]		
280		[1.0]		[1.0]		[364.0]		[364.0]		[364.0]		[364.0]		[364.0]		[364.0]		[364.0]		[364.0]		[4]		
281		[1.0]		[1.0]		[365.0]		[365.0]		[365.0]		[365.0]		[365.0]		[365.0]		[365.0]		[365.0]		[4]		
282		[1.0]		[1.0]		[366.0]		[366.0]		[366.0]		[366.0]		[366.0]		[366.0]		[366.0]		[366.0]		[4]		
283		[1.0]		[1.0]		[367.0]		[367.0]		[367.0]		[367.0]		[367.0]		[367.0]		[367.0]		[367.0]		[4]		
284		[1.0]		[1.0]		[368.0]		[368.0]		[368.0]		[368.0]		[368.0]		[368.0]		[368.0]		[368.0]		[4]		
285		[1.0]		[1.0]		[369.0]		[369.0]		[369.0]		[369.0]		[369.0]		[369.0]		[369.0]		[369.0]		[4]		
286		[1.0]		[1.0]		[370.0]		[370.0]		[370.0]		[370.0]		[370.0]		[370.0]		[370.0]		[370.0]		[4]		
287		[1.0]		[1.0]		[371.0]		[371.0]		[371.0]		[371.0]		[371.0]		[371.0]		[371.0]		[371.0]		[4]		
288		[1.0]		[1.0]		[400.0]		[400.0]		[400.0]		[400.0]		[400.0]		[400.0]		[400.0]		[400.0]		[5]		
289		[1.0]		[1.0]		[401.0]		[401.0]		[401.0]		[401.0]		[401.0]		[401.0]		[401.0]		[401.0]		[5]		
290		[1.0]		[1.0]		[402.0]		[402.0]		[402.0]		[402.0]		[402.0]		[402.0]		[402.0]		[402.0]		[5]		
291		[1.0]		[1.0]		[403.0]		[403.0]		[403.0]		[403.0]		[403.0]		[403.0]		[403.0]		[403.0]		[5]		
292		[1.0]		[1.0]		[404.0]		[404.0]		[404.0]		[404.0]		[404.0]		[404.0]		[404.0]		[404.0]		[5]		
293		[1.0]		[1.0]		[405.0]		[405.0]		[405.0]		[405.0]		[405.0]		[405.0]		[405.0]		[405.0]		[5]		
294		[1.0]		[1.0]		[406.0]		[406.0]		[406.0]		[406.0]		[406.0]		[406.0]		[406.0]		[406.0]		[5]		
295		[1.0]		[1.0]		[407.0]		[407.0]		[407.0]		[407.0]		[407.0]		[407.0]		[407.0]		[407.0]		[5]		
296		[1.0]		[1.0]		[408.0]		[408.0]		[408.0]		[408.0]		[408.0]		[408.0]		[408.0]		[408.0]		[5]		
297		[1.0]		[1.0]		[409.0]		[409.0]		[409.0]		[409.0]		[409.0]		[409.0]		[409.0]		[409.0]		[5]		
298		[1.0]		[1.0]		[410.0]		[410.0]		[410.0]		[410.0]		[410.0]		[410.0]		[410.0]		[410.0]		[5]		
299		[1.0]		[1.0]		[411.0]		[411.0]		[411.0]		[411.0]		[411.0]		[411.0]		[411.0]		[411.0]		[5]		
300		[1.0]		[1.0]		[412.0]		[412.0]		[412.0]		[412.0]		[412.0]		[412.0]		[412.0]		[412.0]		[5]		
301		[1.0]		[1.0]		[413.0]		[413.0]		[413.0]		[413.0]		[413.0]		[413.0]		[413.0]		[413.0]		[5]		
302		[1.0]		[1.0]		[414.0]		[414.0]		[414.0]		[414.0]		[414.0]		[414.0]		[414.0]		[414.0]		[5]		
303		[1.0]		[1.0]		[415.0]		[415.0]		[415.0]		[415.0]		[415.0]		[415.0]		[415.0]		[415.0]		[5]		
304		[1.0]		[1.0]		[416.0]		[416.0]		[416.0]		[416.0]		[416.0]		[416.0]		[416.0]		[416.0]		[5]		
305		[1.0]		[1.0]		[417.0]		[417.0]		[417.0]		[417.0]		[417.0]		[417.0]		[417.0]		[417.0]		[5]		
306		[1.0]		[1.0]		[418.0]		[418.0]		[418.0]		[418.0]		[418.0]		[418.0]		[418.0]		[418.0]		[5]		
307		[1.0]		[1.0]		[419.0]		[419.0]		[419.0]		[419.0]		[419.0]		[419.0]		[419.0]		[419.0]		[5]		
308		[1.0]		[1.0]		[420.0]		[420.0]		[420.0]		[420.0]		[420.0]		[420.0]		[420.0]		[420.0]		[5]		
309		[1.0]		[1.0]		[421.0]		[421.0]		[421.0]		[421.0]		[421.0]		[421.0]		[421.0]		[421.0]		[5]		
310		[1.0]		[1.0]		[422.0]		[422.0]		[422.0]		[422.0]		[422.0]		[422.0]		[422.0]		[422.0]		[5]		
311		[1.0]		[1.0]		[423.0]		[423.0]		[423.0]		[423.0]		[423.0]		[423.0]		[423.0]		[423.0]		[5]		
312		[1.0]		[1.0]		[424.0]		[424.0]		[424.0]		[424.0]		[424.0]		[424.0]		[424.0]		[424.0]		[5]		
313		[1.0]		[1.0]		[425.0]		[425.0]		[425.0]		[425.0]		[425.0]		[425.0]		[425.0]		[425.0]		[5]		
314		[1.0]		[1.0]		[426.0]		[426.0]		[426.0]		[426.0]		[426.0]		[426.0]		[426.0]		[426.0]		[5]		
315		[1.0]		[1.0]		[427.0]		[427.0]		[427.0]		[427.0]		[427.0]		[427.0]		[427.0]		[427.0]		[5]		
316		[1.0]		[1.0]		[428.0]		[428.0]		[428.0]		[428.0]		[428.0]		[428.0]		[428.0]		[428.0]		[5]		
317		[1.0]		[1.0]		[429.0]		[429.0]		[429.0]		[429.0]		[429.0]		[429.0]		[429.0]		[429.0]		[5]		
318		[1.0]		[1.0]		[430.0]		[430.0]		[430.0]		[430.0]		[430.0]		[430.0]		[430.0]		[430.0]		[5]		
319		[1.0]		[1.0]		[431.0]		[431.0]		[431.0]		[431.0]		[431.0]		[431.0]		[431.0]		[431.0]		[5]		
320		[1.0]		[1.0]		[432.0]		[432.0]		[432.0]		[432.0]		[432.0]		[432.0]		[432.0]		[432.0]		[5]		
321		[1.0]		[1.0]		[433.0]		[433.0]		[433.0]		[433.0]		[433.0]		[433.0]		[433.0]		[433.0]		[5]		
322		[1.0]		[1.0]		[434.0]		[434.0]		[434.0]		[434.0]		[434.0]		[434.0]		[434.0]		[434.0]		[5]		
323		[1.0]		[1.0]		[435.0]		[435.0]		[435.0]		[435.0]		[435.0]		[435.0]		[435.0]		[435.0]		[5]		
324		[1.0]		[1.0]		[436.0]		[436.0]		[436.0]		[436.0]		[436.0]		[436.0]		[436.0]		[436.0]		[5]		
325		[1.0]		[1.0]		[437.0]		[437.0]		[437.0]		[437.0]		[437.0]		[437.0]		[437.0]		[437.0]		[5]		
326		[1.0]		[1.0]		[438.0]		[438.0]		[438.0]		[438.0]		[438.0]		[438.0]		[438.0]		[438.0]		[5]		
327		[1.0]		[1.0]		[439.0]		[439.0]		[439.0]		[439.0]		[439.0]		[439.0]		[439.0]		[439.0]		[5]		
328		[1.0]		[1.0]		[440.0]		[440.0]		[440.0]		[440.0]		[440.0]		[440.0]		[440.0]		[440.0]		[5]		
329		[1.0]		[1.0]		[441.0]		[441.0]		[441.0]		[441.0]		[441.0]		[441.0]		[441.0]		[441.0]		[5]		
330		[1.0]		[1.0]		[442.0]		[442.0]		[442.0]		[442.0]		[442.0]		[442.0]		[442.0]		[442.0]		[5]		
331		[1.0]		[1.0]		[443.0]		[443.0]		[443.0]		[443.0]		[443.0]		[443.0]		[443.0]		[443.0]		[5]		
332		[1.0]		[1.0]		[444.0]		[444.0]		[444.0]		[444.0]		[444.0]		[444.0]		[444.0]		[444.0]		[5]		
333		[1.0]		[1.0]		[445.0]		[445.0]		[445.0]		[445.0]		[445.0]		[445.0]		[445.0]		[445.0]		[5]		
334		[1.0]		[1.0]		[446.0]		[446.0]		[446.0]		[446.0]		[446.0]		[446.0]		[446.0]		[446.0]		[5]		
335		[1.0]		[1.0]		[447.0]		[447.0]		[447.0]		[447.0]		[447.0]		[447.0]		[447.0]		[447.0]		[5]		
336		[1.0]		[1.0]		[448.0]		[448.0]		[448.0]		[448.0]		[448.0]		[448.0]		[448.0]		[448.0]		[5]		
337		[1.0]		[1.0]		[449.0]		[449.0]		[449.0]		[449.0]		[449.0]		[449.0]		[449.0]		[449.0]		[5]		
338		[1.0]		[1.0]		[450.0]		[450.0]		[450.0]		[450.0]		[450.0]		[450.0]		[450.0]		[450.0]		[5]		
339		[1.0]		[1.0]		[451.0]		[451.0]		[451.0]		[451.0]		[451.0]		[451.0]		[451.0]		[451.0]		[5]		
340		[1.0]		[1.0]		[452.0]		[452.0]		[452.0]		[452.0]		[452.0]		[452.0]		[452.0]		[452.0]		[5]		
341		[1.0]		[1.0]		[453.0]		[453.0]		[453.0]		[453.0]		[453.0]		[453.0]		[453.0]		[453.0]		[5]		
342		[1.0]		[1.0]		[454.0]		[454.0]		[454.0]		[454.0]		[454.0]		[454.0]		[454.0]		[454.0]		[5]		
343		[1.0]		[1.0]		[455.0]		[455.0]		[455.0]		[455.0]		[455.0]		[455.0]		[455.0]		[455.0]		[5]		
344		[1.0]		[1.0]		[456.0]		[456.0]		[456.0]		[456.0]		[456.0]		[456.0]		[456.0]		[456.0]		[5]		
345		[1.0]		[1.0]		[457.0]		[457.0]		[457.0]		[457.0]		[457.0]		[457.0]		[457.0]		[457.0]		[5]		
346		[1.0]		[1.0]		[458.0]		[458.0]		[458.0]		[458.0]		[458.0]		[458.0]		[458.0]		[458.0]		[5]		
347		[1.0]		[1.0]		[459.0]		[459.0]		[459.0]		[459.0]		[459.0]		[459.0]		[459.0]		[459.0]		[5]		
348		[1.0]		[1.0]		[460.0]		[460.0]		[460.0]		[460.0]		[460.0]		[460.0]		[460.0]		[460.0]		[5]		
349		[1.0]		[1.0]		[461.0]		[461.0]		[461.0]		[461.0]		[461.0]		[461.0]		[461.0]		[461.0]		[5]		
350		[1.0]		[1.0]		[462.0]		[462.0]		[462.0]		[462.0]		[462.0]		[462.0]		[462.0]		[462.0]		[5]		
351		[1.0]		[1.0]		[463.0]		[463.0]		[463.0]		[463.0]		[463.0]		[463.0]		[463.0]		[463.0]		[5]		
352		[1.0]		[1.0]		[464.0]		[464.0]		[464.0]		[464.0]		[464.0]		[464.0]		[464.0]		[464.0]		[5]		
353		[1.0]		[1.0]		[465.0]		[465.0]		[465.0]		[465.0]		[465.0]		[465.0]		[465.0]		[465.0]		[5]		
354		[1.0]		[1.0]		[466.0]		[466.0]		[466.0]		[466.0]		[466.0]		[466.0]		[466.0]		[466.0]		[5]		
355		[1.0]		[1.0]		[467.0]		[467.0]		[467.0]		[467.0]		[467.0]		[467.0]		[467.0]		[467.0]		[5]		
356		[1.0]		[1.0]		[468.0]		[468.0]		[468.0]		[468.0]		[468.0]		[468.0]		[468.0]		[468.0]		[5]		
357		[1.0]		[1.0]		[469.0]		[469.0]		[469.0]		[469.0]		[469.0]		[469.0]		[469.0]		[469.0]		[5]		
358		[1.0]		[1.0]		[470.0]		[470.0]		[470.0]		[470.0]		[470.0]		[470.0]		[470.0]		[470.0]		[5]		
359		[1.0]		[1.0]		[471.0]		[471.0]		[471.0]		[471.0]		[471.0]		[471.0]		[471.0]		[471.0]		[5]		
