Number of items 	72

i		 t.s				 a1			 a2			 a3			 a4		               Nst
0		2021-12-03-00:00		[1.975]		[0.0]		[100.0]		[0.0]		[1]		
1		2021-12-03-01:00		[1.205]		[0.0]		[100.0]		[0.0]		[1]		
2		2021-12-03-02:00		[1.204]		[0.0]		[100.0]		[0.0]		[1]		
3		2021-12-03-03:00		[1.205]		[0.0]		[100.0]		[0.0]		[1]		
4		2021-12-03-04:00		[1.904]		[0.0]		[100.0]		[0.0]		[1]		
5		2021-12-03-05:00		[2.091]		[0.0]		[100.0]		[0.0]		[1]		
6		2021-12-03-06:00		[2.524]		[0.0]		[100.0]		[0.0]		[1]		
7		2021-12-03-07:00		[3.3]		[0.0]		[100.0]		[0.0]		[1]		
8		2021-12-03-08:00		[3.45]		[0.0]		[100.0]		[0.0]		[1]		
9		2021-12-03-09:00		[3.3]		[0.0]		[100.0]		[0.0]		[1]		
10		2021-12-03-10:00		[3.133]		[0.0]		[100.0]		[0.0]		[1]		
11		2021-12-03-11:00		[3.0]		[0.0]		[100.0]		[0.0]		[1]		
12		2021-12-03-12:00		[2.947]		[0.0]		[100.0]		[0.0]		[1]		
13		2021-12-03-13:00		[3.0]		[0.0]		[100.0]		[0.0]		[1]		
14		2021-12-03-14:00		[3.28]		[0.0]		[100.0]		[0.0]		[1]		
15		2021-12-03-15:00		[3.422]		[0.0]		[100.0]		[0.0]		[1]		
16		2021-12-03-16:00		[3.509]		[0.0]		[100.0]		[0.0]		[1]		
17		2021-12-03-17:00		[3.85]		[0.0]		[100.0]		[0.0]		[1]		
18		2021-12-03-18:00		[3.621]		[0.0]		[100.0]		[0.0]		[1]		
19		2021-12-03-19:00		[3.45]		[0.0]		[100.0]		[0.0]		[1]		
20		2021-12-03-20:00		[3.033]		[0.0]		[100.0]		[0.0]		[1]		
21		2021-12-03-21:00		[2.627]		[0.0]		[100.0]		[0.0]		[1]		
22		2021-12-03-22:00		[2.259]		[0.0]		[100.0]		[0.0]		[1]		
23		2021-12-03-23:00		[2.061]		[0.0]		[100.0]		[0.0]		[1]		
24		2021-12-04-00:00		[1.975]		[0.0]		[100.0]		[0.0]		[1]		
25		2021-12-04-01:00		[1.205]		[0.0]		[100.0]		[0.0]		[1]		
26		2021-12-04-02:00		[1.204]		[0.0]		[100.0]		[0.0]		[1]		
27		2021-12-04-03:00		[1.205]		[0.0]		[100.0]		[0.0]		[1]		
28		2021-12-04-04:00		[1.904]		[0.0]		[100.0]		[0.0]		[1]		
29		2021-12-04-05:00		[2.091]		[0.0]		[100.0]		[0.0]		[1]		
30		2021-12-04-06:00		[2.524]		[0.0]		[100.0]		[0.0]		[1]		
31		2021-12-04-07:00		[3.3]		[0.0]		[100.0]		[0.0]		[1]		
32		2021-12-04-08:00		[3.45]		[0.0]		[100.0]		[0.0]		[1]		
33		2021-12-04-09:00		[3.3]		[0.0]		[100.0]		[0.0]		[1]		
34		2021-12-04-10:00		[3.133]		[0.0]		[100.0]		[0.0]		[1]		
35		2021-12-04-11:00		[3.0]		[0.0]		[100.0]		[0.0]		[1]		
36		2021-12-04-12:00		[2.947]		[0.0]		[100.0]		[0.0]		[1]		
37		2021-12-04-13:00		[3.0]		[0.0]		[100.0]		[0.0]		[1]		
38		2021-12-04-14:00		[3.28]		[0.0]		[100.0]		[0.0]		[1]		
39		2021-12-04-15:00		[3.422]		[0.0]		[100.0]		[0.0]		[1]		
40		2021-12-04-16:00		[3.509]		[0.0]		[100.0]		[0.0]		[1]		
41		2021-12-04-17:00		[3.85]		[0.0]		[100.0]		[0.0]		[1]		
42		2021-12-04-18:00		[3.621]		[0.0]		[100.0]		[0.0]		[1]		
43		2021-12-04-19:00		[3.45]		[0.0]		[100.0]		[0.0]		[1]		
44		2021-12-04-20:00		[3.033]		[0.0]		[100.0]		[0.0]		[1]		
45		2021-12-04-21:00		[2.627]		[0.0]		[100.0]		[0.0]		[1]		
46		2021-12-04-22:00		[2.259]		[0.0]		[100.0]		[0.0]		[1]		
47		2021-12-04-23:00		[2.061]		[0.0]		[100.0]		[0.0]		[1]		
48		2021-12-05-00:00		[1.975]		[0.0]		[100.0]		[0.0]		[1]		
49		2021-12-05-01:00		[1.205]		[0.0]		[100.0]		[0.0]		[1]		
50		2021-12-05-02:00		[1.204]		[0.0]		[100.0]		[0.0]		[1]		
51		2021-12-05-03:00		[1.205]		[0.0]		[100.0]		[0.0]		[1]		
52		2021-12-05-04:00		[1.904]		[0.0]		[100.0]		[0.0]		[1]		
53		2021-12-05-05:00		[2.091]		[0.0]		[100.0]		[0.0]		[1]		
54		2021-12-05-06:00		[2.524]		[0.0]		[100.0]		[0.0]		[1]		
55		2021-12-05-07:00		[3.3]		[0.0]		[100.0]		[0.0]		[1]		
56		2021-12-05-08:00		[3.45]		[0.0]		[100.0]		[0.0]		[1]		
57		2021-12-05-09:00		[3.3]		[0.0]		[100.0]		[0.0]		[1]		
58		2021-12-05-10:00		[3.133]		[0.0]		[100.0]		[0.0]		[1]		
59		2021-12-05-11:00		[3.0]		[0.0]		[100.0]		[0.0]		[1]		
60		2021-12-05-12:00		[2.947]		[0.0]		[100.0]		[0.0]		[1]		
61		2021-12-05-13:00		[3.0]		[0.0]		[100.0]		[0.0]		[1]		
62		2021-12-05-14:00		[3.28]		[0.0]		[100.0]		[0.0]		[1]		
63		2021-12-05-15:00		[3.422]		[0.0]		[100.0]		[0.0]		[1]		
64		2021-12-05-16:00		[3.509]		[0.0]		[100.0]		[0.0]		[1]		
65		2021-12-05-17:00		[3.85]		[0.0]		[100.0]		[0.0]		[1]		
66		2021-12-05-18:00		[3.621]		[0.0]		[100.0]		[0.0]		[1]		
67		2021-12-05-19:00		[3.45]		[0.0]		[100.0]		[0.0]		[1]		
68		2021-12-05-20:00		[3.033]		[0.0]		[100.0]		[0.0]		[1]		
69		2021-12-05-21:00		[2.627]		[0.0]		[100.0]		[0.0]		[1]		
70		2021-12-05-22:00		[2.259]		[0.0]		[100.0]		[0.0]		[1]		
71		2021-12-05-23:00		[2.061]		[0.0]		[100.0]		[0.0]		[1]		
