Number of items 	360

i		 a1			 a2			 a3			 a4			     a5			 a6			 a7			 a8			 a9			 a10			 Nst
0		[1.0]		[1.0]		[1.0]		[1.0]		[1.0]		[1.0]		[1.0]		[1.0]		[1.0]		[1.0]		[1]		
1		[1.0]		[1.0]		[1.0]		[1.0]		[1.0]		[1.0]		[1.0]		[1.0]		[1.0]		[1.0]		[1]		
2		[1.0]		[1.0]		[1.0]		[1.0]		[1.0]		[1.0]		[1.0]		[1.0]		[1.0]		[1.0]		[1]		
3		[1.0]		[1.0]		[1.0]		[1.0]		[1.0]		[1.0]		[1.0]		[1.0]		[1.0]		[1.0]		[1]		
4		[1.0]		[1.0]		[1.0]		[1.0]		[1.0]		[1.0]		[1.0]		[1.0]		[1.0]		[1.0]		[1]		
5		[1.0]		[1.0]		[1.0]		[1.0]		[1.0]		[1.0]		[1.0]		[1.0]		[1.0]		[1.0]		[1]		
6		[1.0]		[1.0]		[1.0]		[1.0]		[1.0]		[1.0]		[1.0]		[1.0]		[1.0]		[1.0]		[1]		
7		[1.0]		[1.0]		[1.0]		[1.0]		[1.0]		[1.0]		[1.0]		[1.0]		[1.0]		[1.0]		[1]		
8		[1.0]		[1.0]		[1.0]		[1.0]		[1.0]		[1.0]		[1.0]		[1.0]		[1.0]		[1.0]		[1]		
9		[1.0]		[1.0]		[1.0]		[1.0]		[1.0]		[1.0]		[1.0]		[1.0]		[1.0]		[1.0]		[1]		
10		[1.0]		[1.0]		[1.0]		[1.0]		[1.0]		[1.0]		[1.0]		[1.0]		[1.0]		[1.0]		[1]		
11		[1.0]		[1.0]		[1.0]		[1.0]		[1.0]		[1.0]		[1.0]		[1.0]		[1.0]		[1.0]		[1]		
12		[1.0]		[1.0]		[1.0]		[1.0]		[1.0]		[1.0]		[1.0]		[1.0]		[1.0]		[1.0]		[1]		
13		[1.0]		[1.0]		[1.0]		[1.0]		[1.0]		[1.0]		[1.0]		[1.0]		[1.0]		[1.0]		[1]		
14		[1.0]		[1.0]		[1.0]		[1.0]		[1.0]		[1.0]		[1.0]		[1.0]		[1.0]		[1.0]		[1]		
15		[1.0]		[1.0]		[1.0]		[1.0]		[1.0]		[1.0]		[1.0]		[1.0]		[1.0]		[1.0]		[1]		
16		[1.0]		[1.0]		[1.0]		[1.0]		[1.0]		[1.0]		[1.0]		[1.0]		[1.0]		[1.0]		[1]		
17		[1.0]		[1.0]		[1.0]		[1.0]		[1.0]		[1.0]		[1.0]		[1.0]		[1.0]		[1.0]		[1]		
18		[1.0]		[1.0]		[1.0]		[1.0]		[1.0]		[1.0]		[1.0]		[1.0]		[1.0]		[1.0]		[1]		
19		[1.0]		[1.0]		[1.0]		[1.0]		[1.0]		[1.0]		[1.0]		[1.0]		[1.0]		[1.0]		[1]		
20		[1.0]		[1.0]		[1.0]		[1.0]		[1.0]		[1.0]		[1.0]		[1.0]		[1.0]		[1.0]		[1]		
21		[1.0]		[1.0]		[1.0]		[1.0]		[1.0]		[1.0]		[1.0]		[1.0]		[1.0]		[1.0]		[1]		
22		[1.0]		[1.0]		[1.0]		[1.0]		[1.0]		[1.0]		[1.0]		[1.0]		[1.0]		[1.0]		[1]		
23		[1.0]		[1.0]		[1.0]		[1.0]		[1.0]		[1.0]		[1.0]		[1.0]		[1.0]		[1.0]		[1]		
24		[1.0]		[1.0]		[1.0]		[1.0]		[1.0]		[1.0]		[1.0]		[1.0]		[1.0]		[1.0]		[1]		
25		[1.0]		[1.0]		[1.0]		[1.0]		[1.0]		[1.0]		[1.0]		[1.0]		[1.0]		[1.0]		[1]		
26		[1.0]		[1.0]		[1.0]		[1.0]		[1.0]		[1.0]		[1.0]		[1.0]		[1.0]		[1.0]		[1]		
27		[1.0]		[1.0]		[1.0]		[1.0]		[1.0]		[1.0]		[1.0]		[1.0]		[1.0]		[1.0]		[1]		
28		[1.0]		[1.0]		[1.0]		[1.0]		[1.0]		[1.0]		[1.0]		[1.0]		[1.0]		[1.0]		[1]		
29		[1.0]		[1.0]		[1.0]		[1.0]		[1.0]		[1.0]		[1.0]		[1.0]		[1.0]		[1.0]		[1]		
30		[1.0]		[1.0]		[1.0]		[1.0]		[1.0]		[1.0]		[1.0]		[1.0]		[1.0]		[1.0]		[1]		
31		[1.0]		[1.0]		[1.0]		[1.0]		[1.0]		[1.0]		[1.0]		[1.0]		[1.0]		[1.0]		[1]		
32		[1.0]		[1.0]		[1.0]		[1.0]		[1.0]		[1.0]		[1.0]		[1.0]		[1.0]		[1.0]		[1]		
33		[1.0]		[1.0]		[1.0]		[1.0]		[1.0]		[1.0]		[1.0]		[1.0]		[1.0]		[1.0]		[1]		
34		[1.0]		[1.0]		[1.0]		[1.0]		[1.0]		[1.0]		[1.0]		[1.0]		[1.0]		[1.0]		[1]		
35		[1.0]		[1.0]		[1.0]		[1.0]		[1.0]		[1.0]		[1.0]		[1.0]		[1.0]		[1.0]		[1]		
36		[1.0]		[1.0]		[1.0]		[1.0]		[1.0]		[1.0]		[1.0]		[1.0]		[1.0]		[1.0]		[1]		
37		[1.0]		[1.0]		[1.0]		[1.0]		[1.0]		[1.0]		[1.0]		[1.0]		[1.0]		[1.0]		[1]		
38		[1.0]		[1.0]		[1.0]		[1.0]		[1.0]		[1.0]		[1.0]		[1.0]		[1.0]		[1.0]		[1]		
39		[1.0]		[1.0]		[1.0]		[1.0]		[1.0]		[1.0]		[1.0]		[1.0]		[1.0]		[1.0]		[1]		
40		[1.0]		[1.0]		[1.0]		[1.0]		[1.0]		[1.0]		[1.0]		[1.0]		[1.0]		[1.0]		[1]		
41		[1.0]		[1.0]		[1.0]		[1.0]		[1.0]		[1.0]		[1.0]		[1.0]		[1.0]		[1.0]		[1]		
42		[1.0]		[1.0]		[1.0]		[1.0]		[1.0]		[1.0]		[1.0]		[1.0]		[1.0]		[1.0]		[1]		
43		[1.0]		[1.0]		[1.0]		[1.0]		[1.0]		[1.0]		[1.0]		[1.0]		[1.0]		[1.0]		[1]		
44		[1.0]		[1.0]		[1.0]		[1.0]		[1.0]		[1.0]		[1.0]		[1.0]		[1.0]		[1.0]		[1]		
45		[1.0]		[1.0]		[1.0]		[1.0]		[1.0]		[1.0]		[1.0]		[1.0]		[1.0]		[1.0]		[1]		
46		[1.0]		[1.0]		[1.0]		[1.0]		[1.0]		[1.0]		[1.0]		[1.0]		[1.0]		[1.0]		[1]		
47		[1.0]		[1.0]		[1.0]		[1.0]		[1.0]		[1.0]		[1.0]		[1.0]		[1.0]		[1.0]		[1]		
48		[1.0]		[1.0]		[1.0]		[1.0]		[1.0]		[1.0]		[1.0]		[1.0]		[1.0]		[1.0]		[1]		
49		[1.0]		[1.0]		[1.0]		[1.0]		[1.0]		[1.0]		[1.0]		[1.0]		[1.0]		[1.0]		[1]		
50		[1.0]		[1.0]		[1.0]		[1.0]		[1.0]		[1.0]		[1.0]		[1.0]		[1.0]		[1.0]		[1]		
51		[1.0]		[1.0]		[1.0]		[1.0]		[1.0]		[1.0]		[1.0]		[1.0]		[1.0]		[1.0]		[1]		
52		[1.0]		[1.0]		[1.0]		[1.0]		[1.0]		[1.0]		[1.0]		[1.0]		[1.0]		[1.0]		[1]		
53		[1.0]		[1.0]		[1.0]		[1.0]		[1.0]		[1.0]		[1.0]		[1.0]		[1.0]		[1.0]		[1]		
54		[1.0]		[1.0]		[1.0]		[1.0]		[1.0]		[1.0]		[1.0]		[1.0]		[1.0]		[1.0]		[1]		
55		[1.0]		[1.0]		[1.0]		[1.0]		[1.0]		[1.0]		[1.0]		[1.0]		[1.0]		[1.0]		[1]		
56		[1.0]		[1.0]		[1.0]		[1.0]		[1.0]		[1.0]		[1.0]		[1.0]		[1.0]		[1.0]		[1]		
57		[1.0]		[1.0]		[1.0]		[1.0]		[1.0]		[1.0]		[1.0]		[1.0]		[1.0]		[1.0]		[1]		
58		[1.0]		[1.0]		[1.0]		[1.0]		[1.0]		[1.0]		[1.0]		[1.0]		[1.0]		[1.0]		[1]		
59		[1.0]		[1.0]		[1.0]		[1.0]		[1.0]		[1.0]		[1.0]		[1.0]		[1.0]		[1.0]		[1]		
60		[1.0]		[1.0]		[1.0]		[1.0]		[1.0]		[1.0]		[1.0]		[1.0]		[1.0]		[1.0]		[1]		
61		[1.0]		[1.0]		[1.0]		[1.0]		[1.0]		[1.0]		[1.0]		[1.0]		[1.0]		[1.0]		[1]		
62		[1.0]		[1.0]		[1.0]		[1.0]		[1.0]		[1.0]		[1.0]		[1.0]		[1.0]		[1.0]		[1]		
63		[1.0]		[1.0]		[1.0]		[1.0]		[1.0]		[1.0]		[1.0]		[1.0]		[1.0]		[1.0]		[1]		
64		[1.0]		[1.0]		[1.0]		[1.0]		[1.0]		[1.0]		[1.0]		[1.0]		[1.0]		[1.0]		[1]		
65		[1.0]		[1.0]		[1.0]		[1.0]		[1.0]		[1.0]		[1.0]		[1.0]		[1.0]		[1.0]		[1]		
66		[1.0]		[1.0]		[1.0]		[1.0]		[1.0]		[1.0]		[1.0]		[1.0]		[1.0]		[1.0]		[1]		
67		[1.0]		[1.0]		[1.0]		[1.0]		[1.0]		[1.0]		[1.0]		[1.0]		[1.0]		[1.0]		[1]		
68		[1.0]		[1.0]		[1.0]		[1.0]		[1.0]		[1.0]		[1.0]		[1.0]		[1.0]		[1.0]		[1]		
69		[1.0]		[1.0]		[1.0]		[1.0]		[1.0]		[1.0]		[1.0]		[1.0]		[1.0]		[1.0]		[1]		
70		[1.0]		[1.0]		[1.0]		[1.0]		[1.0]		[1.0]		[1.0]		[1.0]		[1.0]		[1.0]		[1]		
71		[1.0]		[1.0]		[1.0]		[1.0]		[1.0]		[1.0]		[1.0]		[1.0]		[1.0]		[1.0]		[1]		
72		[1.0]		[1.0]		[1.0]		[1.0]		[1.0]		[1.0]		[1.0]		[1.0]		[1.0]		[1.0]		[2]		
73		[1.0]		[1.0]		[1.0]		[1.0]		[1.0]		[1.0]		[1.0]		[1.0]		[1.0]		[1.0]		[2]		
74		[1.0]		[1.0]		[1.0]		[1.0]		[1.0]		[1.0]		[1.0]		[1.0]		[1.0]		[1.0]		[2]		
75		[1.0]		[1.0]		[1.0]		[1.0]		[1.0]		[1.0]		[1.0]		[1.0]		[1.0]		[1.0]		[2]		
76		[1.0]		[1.0]		[1.0]		[1.0]		[1.0]		[1.0]		[1.0]		[1.0]		[1.0]		[1.0]		[2]		
77		[1.0]		[1.0]		[1.0]		[1.0]		[1.0]		[1.0]		[1.0]		[1.0]		[1.0]		[1.0]		[2]		
78		[1.0]		[1.0]		[1.0]		[1.0]		[1.0]		[1.0]		[1.0]		[1.0]		[1.0]		[1.0]		[2]		
79		[1.0]		[1.0]		[1.0]		[1.0]		[1.0]		[1.0]		[1.0]		[1.0]		[1.0]		[1.0]		[2]		
80		[1.0]		[1.0]		[1.0]		[1.0]		[1.0]		[1.0]		[1.0]		[1.0]		[1.0]		[1.0]		[2]		
81		[1.0]		[1.0]		[1.0]		[1.0]		[1.0]		[1.0]		[1.0]		[1.0]		[1.0]		[1.0]		[2]		
82		[1.0]		[1.0]		[1.0]		[1.0]		[1.0]		[1.0]		[1.0]		[1.0]		[1.0]		[1.0]		[2]		
83		[1.0]		[1.0]		[1.0]		[1.0]		[1.0]		[1.0]		[1.0]		[1.0]		[1.0]		[1.0]		[2]		
84		[1.0]		[1.0]		[1.0]		[1.0]		[1.0]		[1.0]		[1.0]		[1.0]		[1.0]		[1.0]		[2]		
85		[1.0]		[1.0]		[1.0]		[1.0]		[1.0]		[1.0]		[1.0]		[1.0]		[1.0]		[1.0]		[2]		
86		[1.0]		[1.0]		[1.0]		[1.0]		[1.0]		[1.0]		[1.0]		[1.0]		[1.0]		[1.0]		[2]		
87		[1.0]		[1.0]		[1.0]		[1.0]		[1.0]		[1.0]		[1.0]		[1.0]		[1.0]		[1.0]		[2]		
88		[1.0]		[1.0]		[1.0]		[1.0]		[1.0]		[1.0]		[1.0]		[1.0]		[1.0]		[1.0]		[2]		
89		[1.0]		[1.0]		[1.0]		[1.0]		[1.0]		[1.0]		[1.0]		[1.0]		[1.0]		[1.0]		[2]		
90		[1.0]		[1.0]		[1.0]		[1.0]		[1.0]		[1.0]		[1.0]		[1.0]		[1.0]		[1.0]		[2]		
91		[1.0]		[1.0]		[1.0]		[1.0]		[1.0]		[1.0]		[1.0]		[1.0]		[1.0]		[1.0]		[2]		
92		[1.0]		[1.0]		[1.0]		[1.0]		[1.0]		[1.0]		[1.0]		[1.0]		[1.0]		[1.0]		[2]		
93		[1.0]		[1.0]		[1.0]		[1.0]		[1.0]		[1.0]		[1.0]		[1.0]		[1.0]		[1.0]		[2]		
94		[1.0]		[1.0]		[1.0]		[1.0]		[1.0]		[1.0]		[1.0]		[1.0]		[1.0]		[1.0]		[2]		
95		[1.0]		[1.0]		[1.0]		[1.0]		[1.0]		[1.0]		[1.0]		[1.0]		[1.0]		[1.0]		[2]		
96		[1.0]		[1.0]		[1.0]		[1.0]		[1.0]		[1.0]		[1.0]		[1.0]		[1.0]		[1.0]		[2]		
97		[1.0]		[1.0]		[1.0]		[1.0]		[1.0]		[1.0]		[1.0]		[1.0]		[1.0]		[1.0]		[2]		
98		[1.0]		[1.0]		[1.0]		[1.0]		[1.0]		[1.0]		[1.0]		[1.0]		[1.0]		[1.0]		[2]		
99		[1.0]		[1.0]		[1.0]		[1.0]		[1.0]		[1.0]		[1.0]		[1.0]		[1.0]		[1.0]		[2]		
100		[1.0]		[1.0]		[1.0]		[1.0]		[1.0]		[1.0]		[1.0]		[1.0]		[1.0]		[1.0]		[2]		
101		[1.0]		[1.0]		[1.0]		[1.0]		[1.0]		[1.0]		[1.0]		[1.0]		[1.0]		[1.0]		[2]		
102		[1.0]		[1.0]		[1.0]		[1.0]		[1.0]		[1.0]		[1.0]		[1.0]		[1.0]		[1.0]		[2]		
103		[1.0]		[1.0]		[1.0]		[1.0]		[1.0]		[1.0]		[1.0]		[1.0]		[1.0]		[1.0]		[2]		
104		[1.0]		[1.0]		[1.0]		[1.0]		[1.0]		[1.0]		[1.0]		[1.0]		[1.0]		[1.0]		[2]		
105		[1.0]		[1.0]		[1.0]		[1.0]		[1.0]		[1.0]		[1.0]		[1.0]		[1.0]		[1.0]		[2]		
106		[1.0]		[1.0]		[1.0]		[1.0]		[1.0]		[1.0]		[1.0]		[1.0]		[1.0]		[1.0]		[2]		
107		[1.0]		[1.0]		[1.0]		[1.0]		[1.0]		[1.0]		[1.0]		[1.0]		[1.0]		[1.0]		[2]		
108		[1.0]		[1.0]		[1.0]		[1.0]		[1.0]		[1.0]		[1.0]		[1.0]		[1.0]		[1.0]		[2]		
109		[1.0]		[1.0]		[1.0]		[1.0]		[1.0]		[1.0]		[1.0]		[1.0]		[1.0]		[1.0]		[2]		
110		[1.0]		[1.0]		[1.0]		[1.0]		[1.0]		[1.0]		[1.0]		[1.0]		[1.0]		[1.0]		[2]		
111		[1.0]		[1.0]		[1.0]		[1.0]		[1.0]		[1.0]		[1.0]		[1.0]		[1.0]		[1.0]		[2]		
112		[1.0]		[1.0]		[1.0]		[1.0]		[1.0]		[1.0]		[1.0]		[1.0]		[1.0]		[1.0]		[2]		
113		[1.0]		[1.0]		[1.0]		[1.0]		[1.0]		[1.0]		[1.0]		[1.0]		[1.0]		[1.0]		[2]		
114		[1.0]		[1.0]		[1.0]		[1.0]		[1.0]		[1.0]		[1.0]		[1.0]		[1.0]		[1.0]		[2]		
115		[1.0]		[1.0]		[1.0]		[1.0]		[1.0]		[1.0]		[1.0]		[1.0]		[1.0]		[1.0]		[2]		
116		[1.0]		[1.0]		[1.0]		[1.0]		[1.0]		[1.0]		[1.0]		[1.0]		[1.0]		[1.0]		[2]		
117		[1.0]		[1.0]		[1.0]		[1.0]		[1.0]		[1.0]		[1.0]		[1.0]		[1.0]		[1.0]		[2]		
118		[1.0]		[1.0]		[1.0]		[1.0]		[1.0]		[1.0]		[1.0]		[1.0]		[1.0]		[1.0]		[2]		
119		[1.0]		[1.0]		[1.0]		[1.0]		[1.0]		[1.0]		[1.0]		[1.0]		[1.0]		[1.0]		[2]		
120		[1.0]		[1.0]		[1.0]		[1.0]		[1.0]		[1.0]		[1.0]		[1.0]		[1.0]		[1.0]		[2]		
121		[1.0]		[1.0]		[1.0]		[1.0]		[1.0]		[1.0]		[1.0]		[1.0]		[1.0]		[1.0]		[2]		
122		[1.0]		[1.0]		[1.0]		[1.0]		[1.0]		[1.0]		[1.0]		[1.0]		[1.0]		[1.0]		[2]		
123		[1.0]		[1.0]		[1.0]		[1.0]		[1.0]		[1.0]		[1.0]		[1.0]		[1.0]		[1.0]		[2]		
124		[1.0]		[1.0]		[1.0]		[1.0]		[1.0]		[1.0]		[1.0]		[1.0]		[1.0]		[1.0]		[2]		
125		[1.0]		[1.0]		[1.0]		[1.0]		[1.0]		[1.0]		[1.0]		[1.0]		[1.0]		[1.0]		[2]		
126		[1.0]		[1.0]		[1.0]		[1.0]		[1.0]		[1.0]		[1.0]		[1.0]		[1.0]		[1.0]		[2]		
127		[1.0]		[1.0]		[1.0]		[1.0]		[1.0]		[1.0]		[1.0]		[1.0]		[1.0]		[1.0]		[2]		
128		[1.0]		[1.0]		[1.0]		[1.0]		[1.0]		[1.0]		[1.0]		[1.0]		[1.0]		[1.0]		[2]		
129		[1.0]		[1.0]		[1.0]		[1.0]		[1.0]		[1.0]		[1.0]		[1.0]		[1.0]		[1.0]		[2]		
130		[1.0]		[1.0]		[1.0]		[1.0]		[1.0]		[1.0]		[1.0]		[1.0]		[1.0]		[1.0]		[2]		
131		[1.0]		[1.0]		[1.0]		[1.0]		[1.0]		[1.0]		[1.0]		[1.0]		[1.0]		[1.0]		[2]		
132		[1.0]		[1.0]		[1.0]		[1.0]		[1.0]		[1.0]		[1.0]		[1.0]		[1.0]		[1.0]		[2]		
133		[1.0]		[1.0]		[1.0]		[1.0]		[1.0]		[1.0]		[1.0]		[1.0]		[1.0]		[1.0]		[2]		
134		[1.0]		[1.0]		[1.0]		[1.0]		[1.0]		[1.0]		[1.0]		[1.0]		[1.0]		[1.0]		[2]		
135		[1.0]		[1.0]		[1.0]		[1.0]		[1.0]		[1.0]		[1.0]		[1.0]		[1.0]		[1.0]		[2]		
136		[1.0]		[1.0]		[1.0]		[1.0]		[1.0]		[1.0]		[1.0]		[1.0]		[1.0]		[1.0]		[2]		
137		[1.0]		[1.0]		[1.0]		[1.0]		[1.0]		[1.0]		[1.0]		[1.0]		[1.0]		[1.0]		[2]		
138		[1.0]		[1.0]		[1.0]		[1.0]		[1.0]		[1.0]		[1.0]		[1.0]		[1.0]		[1.0]		[2]		
139		[1.0]		[1.0]		[1.0]		[1.0]		[1.0]		[1.0]		[1.0]		[1.0]		[1.0]		[1.0]		[2]		
140		[1.0]		[1.0]		[1.0]		[1.0]		[1.0]		[1.0]		[1.0]		[1.0]		[1.0]		[1.0]		[2]		
141		[1.0]		[1.0]		[1.0]		[1.0]		[1.0]		[1.0]		[1.0]		[1.0]		[1.0]		[1.0]		[2]		
142		[1.0]		[1.0]		[1.0]		[1.0]		[1.0]		[1.0]		[1.0]		[1.0]		[1.0]		[1.0]		[2]		
143		[1.0]		[1.0]		[1.0]		[1.0]		[1.0]		[1.0]		[1.0]		[1.0]		[1.0]		[1.0]		[2]		
144		[1.0]		[1.0]		[1.0]		[1.0]		[1.0]		[1.0]		[1.0]		[1.0]		[1.0]		[1.0]		[3]		
145		[1.0]		[1.0]		[1.0]		[1.0]		[1.0]		[1.0]		[1.0]		[1.0]		[1.0]		[1.0]		[3]		
146		[1.0]		[1.0]		[1.0]		[1.0]		[1.0]		[1.0]		[1.0]		[1.0]		[1.0]		[1.0]		[3]		
147		[1.0]		[1.0]		[1.0]		[1.0]		[1.0]		[1.0]		[1.0]		[1.0]		[1.0]		[1.0]		[3]		
148		[1.0]		[1.0]		[1.0]		[1.0]		[1.0]		[1.0]		[1.0]		[1.0]		[1.0]		[1.0]		[3]		
149		[1.0]		[1.0]		[1.0]		[1.0]		[1.0]		[1.0]		[1.0]		[1.0]		[1.0]		[1.0]		[3]		
150		[1.0]		[1.0]		[1.0]		[1.0]		[1.0]		[1.0]		[1.0]		[1.0]		[1.0]		[1.0]		[3]		
151		[1.0]		[1.0]		[1.0]		[1.0]		[1.0]		[1.0]		[1.0]		[1.0]		[1.0]		[1.0]		[3]		
152		[1.0]		[1.0]		[1.0]		[1.0]		[1.0]		[1.0]		[1.0]		[1.0]		[1.0]		[1.0]		[3]		
153		[1.0]		[1.0]		[1.0]		[1.0]		[1.0]		[1.0]		[1.0]		[1.0]		[1.0]		[1.0]		[3]		
154		[1.0]		[1.0]		[1.0]		[1.0]		[1.0]		[1.0]		[1.0]		[1.0]		[1.0]		[1.0]		[3]		
155		[1.0]		[1.0]		[1.0]		[1.0]		[1.0]		[1.0]		[1.0]		[1.0]		[1.0]		[1.0]		[3]		
156		[1.0]		[1.0]		[1.0]		[1.0]		[1.0]		[1.0]		[1.0]		[1.0]		[1.0]		[1.0]		[3]		
157		[1.0]		[1.0]		[1.0]		[1.0]		[1.0]		[1.0]		[1.0]		[1.0]		[1.0]		[1.0]		[3]		
158		[1.0]		[1.0]		[1.0]		[1.0]		[1.0]		[1.0]		[1.0]		[1.0]		[1.0]		[1.0]		[3]		
159		[1.0]		[1.0]		[1.0]		[1.0]		[1.0]		[1.0]		[1.0]		[1.0]		[1.0]		[1.0]		[3]		
160		[1.0]		[1.0]		[1.0]		[1.0]		[1.0]		[1.0]		[1.0]		[1.0]		[1.0]		[1.0]		[3]		
161		[1.0]		[1.0]		[1.0]		[1.0]		[1.0]		[1.0]		[1.0]		[1.0]		[1.0]		[1.0]		[3]		
162		[1.0]		[1.0]		[1.0]		[1.0]		[1.0]		[1.0]		[1.0]		[1.0]		[1.0]		[1.0]		[3]		
163		[1.0]		[1.0]		[1.0]		[1.0]		[1.0]		[1.0]		[1.0]		[1.0]		[1.0]		[1.0]		[3]		
164		[1.0]		[1.0]		[1.0]		[1.0]		[1.0]		[1.0]		[1.0]		[1.0]		[1.0]		[1.0]		[3]		
165		[1.0]		[1.0]		[1.0]		[1.0]		[1.0]		[1.0]		[1.0]		[1.0]		[1.0]		[1.0]		[3]		
166		[1.0]		[1.0]		[1.0]		[1.0]		[1.0]		[1.0]		[1.0]		[1.0]		[1.0]		[1.0]		[3]		
167		[1.0]		[1.0]		[1.0]		[1.0]		[1.0]		[1.0]		[1.0]		[1.0]		[1.0]		[1.0]		[3]		
168		[1.0]		[1.0]		[1.0]		[1.0]		[1.0]		[1.0]		[1.0]		[1.0]		[1.0]		[1.0]		[3]		
169		[1.0]		[1.0]		[1.0]		[1.0]		[1.0]		[1.0]		[1.0]		[1.0]		[1.0]		[1.0]		[3]		
170		[1.0]		[1.0]		[1.0]		[1.0]		[1.0]		[1.0]		[1.0]		[1.0]		[1.0]		[1.0]		[3]		
171		[1.0]		[1.0]		[1.0]		[1.0]		[1.0]		[1.0]		[1.0]		[1.0]		[1.0]		[1.0]		[3]		
172		[1.0]		[1.0]		[1.0]		[1.0]		[1.0]		[1.0]		[1.0]		[1.0]		[1.0]		[1.0]		[3]		
173		[1.0]		[1.0]		[1.0]		[1.0]		[1.0]		[1.0]		[1.0]		[1.0]		[1.0]		[1.0]		[3]		
174		[1.0]		[1.0]		[1.0]		[1.0]		[1.0]		[1.0]		[1.0]		[1.0]		[1.0]		[1.0]		[3]		
175		[1.0]		[1.0]		[1.0]		[1.0]		[1.0]		[1.0]		[1.0]		[1.0]		[1.0]		[1.0]		[3]		
176		[1.0]		[1.0]		[1.0]		[1.0]		[1.0]		[1.0]		[1.0]		[1.0]		[1.0]		[1.0]		[3]		
177		[1.0]		[1.0]		[1.0]		[1.0]		[1.0]		[1.0]		[1.0]		[1.0]		[1.0]		[1.0]		[3]		
178		[1.0]		[1.0]		[1.0]		[1.0]		[1.0]		[1.0]		[1.0]		[1.0]		[1.0]		[1.0]		[3]		
179		[1.0]		[1.0]		[1.0]		[1.0]		[1.0]		[1.0]		[1.0]		[1.0]		[1.0]		[1.0]		[3]		
180		[1.0]		[1.0]		[1.0]		[1.0]		[1.0]		[1.0]		[1.0]		[1.0]		[1.0]		[1.0]		[3]		
181		[1.0]		[1.0]		[1.0]		[1.0]		[1.0]		[1.0]		[1.0]		[1.0]		[1.0]		[1.0]		[3]		
182		[1.0]		[1.0]		[1.0]		[1.0]		[1.0]		[1.0]		[1.0]		[1.0]		[1.0]		[1.0]		[3]		
183		[1.0]		[1.0]		[1.0]		[1.0]		[1.0]		[1.0]		[1.0]		[1.0]		[1.0]		[1.0]		[3]		
184		[1.0]		[1.0]		[1.0]		[1.0]		[1.0]		[1.0]		[1.0]		[1.0]		[1.0]		[1.0]		[3]		
185		[1.0]		[1.0]		[1.0]		[1.0]		[1.0]		[1.0]		[1.0]		[1.0]		[1.0]		[1.0]		[3]		
186		[1.0]		[1.0]		[1.0]		[1.0]		[1.0]		[1.0]		[1.0]		[1.0]		[1.0]		[1.0]		[3]		
187		[1.0]		[1.0]		[1.0]		[1.0]		[1.0]		[1.0]		[1.0]		[1.0]		[1.0]		[1.0]		[3]		
188		[1.0]		[1.0]		[1.0]		[1.0]		[1.0]		[1.0]		[1.0]		[1.0]		[1.0]		[1.0]		[3]		
189		[1.0]		[1.0]		[1.0]		[1.0]		[1.0]		[1.0]		[1.0]		[1.0]		[1.0]		[1.0]		[3]		
190		[1.0]		[1.0]		[1.0]		[1.0]		[1.0]		[1.0]		[1.0]		[1.0]		[1.0]		[1.0]		[3]		
191		[1.0]		[1.0]		[1.0]		[1.0]		[1.0]		[1.0]		[1.0]		[1.0]		[1.0]		[1.0]		[3]		
192		[1.0]		[1.0]		[1.0]		[1.0]		[1.0]		[1.0]		[1.0]		[1.0]		[1.0]		[1.0]		[3]		
193		[1.0]		[1.0]		[1.0]		[1.0]		[1.0]		[1.0]		[1.0]		[1.0]		[1.0]		[1.0]		[3]		
194		[1.0]		[1.0]		[1.0]		[1.0]		[1.0]		[1.0]		[1.0]		[1.0]		[1.0]		[1.0]		[3]		
195		[1.0]		[1.0]		[1.0]		[1.0]		[1.0]		[1.0]		[1.0]		[1.0]		[1.0]		[1.0]		[3]		
196		[1.0]		[1.0]		[1.0]		[1.0]		[1.0]		[1.0]		[1.0]		[1.0]		[1.0]		[1.0]		[3]		
197		[1.0]		[1.0]		[1.0]		[1.0]		[1.0]		[1.0]		[1.0]		[1.0]		[1.0]		[1.0]		[3]		
198		[1.0]		[1.0]		[1.0]		[1.0]		[1.0]		[1.0]		[1.0]		[1.0]		[1.0]		[1.0]		[3]		
199		[1.0]		[1.0]		[1.0]		[1.0]		[1.0]		[1.0]		[1.0]		[1.0]		[1.0]		[1.0]		[3]		
200		[1.0]		[1.0]		[1.0]		[1.0]		[1.0]		[1.0]		[1.0]		[1.0]		[1.0]		[1.0]		[3]		
201		[1.0]		[1.0]		[1.0]		[1.0]		[1.0]		[1.0]		[1.0]		[1.0]		[1.0]		[1.0]		[3]		
202		[1.0]		[1.0]		[1.0]		[1.0]		[1.0]		[1.0]		[1.0]		[1.0]		[1.0]		[1.0]		[3]		
203		[1.0]		[1.0]		[1.0]		[1.0]		[1.0]		[1.0]		[1.0]		[1.0]		[1.0]		[1.0]		[3]		
204		[1.0]		[1.0]		[1.0]		[1.0]		[1.0]		[1.0]		[1.0]		[1.0]		[1.0]		[1.0]		[3]		
205		[1.0]		[1.0]		[1.0]		[1.0]		[1.0]		[1.0]		[1.0]		[1.0]		[1.0]		[1.0]		[3]		
206		[1.0]		[1.0]		[1.0]		[1.0]		[1.0]		[1.0]		[1.0]		[1.0]		[1.0]		[1.0]		[3]		
207		[1.0]		[1.0]		[1.0]		[1.0]		[1.0]		[1.0]		[1.0]		[1.0]		[1.0]		[1.0]		[3]		
208		[1.0]		[1.0]		[1.0]		[1.0]		[1.0]		[1.0]		[1.0]		[1.0]		[1.0]		[1.0]		[3]		
209		[1.0]		[1.0]		[1.0]		[1.0]		[1.0]		[1.0]		[1.0]		[1.0]		[1.0]		[1.0]		[3]		
210		[1.0]		[1.0]		[1.0]		[1.0]		[1.0]		[1.0]		[1.0]		[1.0]		[1.0]		[1.0]		[3]		
211		[1.0]		[1.0]		[1.0]		[1.0]		[1.0]		[1.0]		[1.0]		[1.0]		[1.0]		[1.0]		[3]		
212		[1.0]		[1.0]		[1.0]		[1.0]		[1.0]		[1.0]		[1.0]		[1.0]		[1.0]		[1.0]		[3]		
213		[1.0]		[1.0]		[1.0]		[1.0]		[1.0]		[1.0]		[1.0]		[1.0]		[1.0]		[1.0]		[3]		
214		[1.0]		[1.0]		[1.0]		[1.0]		[1.0]		[1.0]		[1.0]		[1.0]		[1.0]		[1.0]		[3]		
215		[1.0]		[1.0]		[1.0]		[1.0]		[1.0]		[1.0]		[1.0]		[1.0]		[1.0]		[1.0]		[3]		
216		[1.0]		[1.0]		[1.0]		[1.0]		[1.0]		[1.0]		[1.0]		[1.0]		[1.0]		[1.0]		[4]		
217		[1.0]		[1.0]		[1.0]		[1.0]		[1.0]		[1.0]		[1.0]		[1.0]		[1.0]		[1.0]		[4]		
218		[1.0]		[1.0]		[1.0]		[1.0]		[1.0]		[1.0]		[1.0]		[1.0]		[1.0]		[1.0]		[4]		
219		[1.0]		[1.0]		[1.0]		[1.0]		[1.0]		[1.0]		[1.0]		[1.0]		[1.0]		[1.0]		[4]		
220		[1.0]		[1.0]		[1.0]		[1.0]		[1.0]		[1.0]		[1.0]		[1.0]		[1.0]		[1.0]		[4]		
221		[1.0]		[1.0]		[1.0]		[1.0]		[1.0]		[1.0]		[1.0]		[1.0]		[1.0]		[1.0]		[4]		
222		[1.0]		[1.0]		[1.0]		[1.0]		[1.0]		[1.0]		[1.0]		[1.0]		[1.0]		[1.0]		[4]		
223		[1.0]		[1.0]		[1.0]		[1.0]		[1.0]		[1.0]		[1.0]		[1.0]		[1.0]		[1.0]		[4]		
224		[1.0]		[1.0]		[1.0]		[1.0]		[1.0]		[1.0]		[1.0]		[1.0]		[1.0]		[1.0]		[4]		
225		[1.0]		[1.0]		[1.0]		[1.0]		[1.0]		[1.0]		[1.0]		[1.0]		[1.0]		[1.0]		[4]		
226		[1.0]		[1.0]		[1.0]		[1.0]		[1.0]		[1.0]		[1.0]		[1.0]		[1.0]		[1.0]		[4]		
227		[1.0]		[1.0]		[1.0]		[1.0]		[1.0]		[1.0]		[1.0]		[1.0]		[1.0]		[1.0]		[4]		
228		[1.0]		[1.0]		[1.0]		[1.0]		[1.0]		[1.0]		[1.0]		[1.0]		[1.0]		[1.0]		[4]		
229		[1.0]		[1.0]		[1.0]		[1.0]		[1.0]		[1.0]		[1.0]		[1.0]		[1.0]		[1.0]		[4]		
230		[1.0]		[1.0]		[1.0]		[1.0]		[1.0]		[1.0]		[1.0]		[1.0]		[1.0]		[1.0]		[4]		
231		[1.0]		[1.0]		[1.0]		[1.0]		[1.0]		[1.0]		[1.0]		[1.0]		[1.0]		[1.0]		[4]		
232		[1.0]		[1.0]		[1.0]		[1.0]		[1.0]		[1.0]		[1.0]		[1.0]		[1.0]		[1.0]		[4]		
233		[1.0]		[1.0]		[1.0]		[1.0]		[1.0]		[1.0]		[1.0]		[1.0]		[1.0]		[1.0]		[4]		
234		[1.0]		[1.0]		[1.0]		[1.0]		[1.0]		[1.0]		[1.0]		[1.0]		[1.0]		[1.0]		[4]		
235		[1.0]		[1.0]		[1.0]		[1.0]		[1.0]		[1.0]		[1.0]		[1.0]		[1.0]		[1.0]		[4]		
236		[1.0]		[1.0]		[1.0]		[1.0]		[1.0]		[1.0]		[1.0]		[1.0]		[1.0]		[1.0]		[4]		
237		[1.0]		[1.0]		[1.0]		[1.0]		[1.0]		[1.0]		[1.0]		[1.0]		[1.0]		[1.0]		[4]		
238		[1.0]		[1.0]		[1.0]		[1.0]		[1.0]		[1.0]		[1.0]		[1.0]		[1.0]		[1.0]		[4]		
239		[1.0]		[1.0]		[1.0]		[1.0]		[1.0]		[1.0]		[1.0]		[1.0]		[1.0]		[1.0]		[4]		
240		[1.0]		[1.0]		[1.0]		[1.0]		[1.0]		[1.0]		[1.0]		[1.0]		[1.0]		[1.0]		[4]		
241		[1.0]		[1.0]		[1.0]		[1.0]		[1.0]		[1.0]		[1.0]		[1.0]		[1.0]		[1.0]		[4]		
242		[1.0]		[1.0]		[1.0]		[1.0]		[1.0]		[1.0]		[1.0]		[1.0]		[1.0]		[1.0]		[4]		
243		[1.0]		[1.0]		[1.0]		[1.0]		[1.0]		[1.0]		[1.0]		[1.0]		[1.0]		[1.0]		[4]		
244		[1.0]		[1.0]		[1.0]		[1.0]		[1.0]		[1.0]		[1.0]		[1.0]		[1.0]		[1.0]		[4]		
245		[1.0]		[1.0]		[1.0]		[1.0]		[1.0]		[1.0]		[1.0]		[1.0]		[1.0]		[1.0]		[4]		
246		[1.0]		[1.0]		[1.0]		[1.0]		[1.0]		[1.0]		[1.0]		[1.0]		[1.0]		[1.0]		[4]		
247		[1.0]		[1.0]		[1.0]		[1.0]		[1.0]		[1.0]		[1.0]		[1.0]		[1.0]		[1.0]		[4]		
248		[1.0]		[1.0]		[1.0]		[1.0]		[1.0]		[1.0]		[1.0]		[1.0]		[1.0]		[1.0]		[4]		
249		[1.0]		[1.0]		[1.0]		[1.0]		[1.0]		[1.0]		[1.0]		[1.0]		[1.0]		[1.0]		[4]		
250		[1.0]		[1.0]		[1.0]		[1.0]		[1.0]		[1.0]		[1.0]		[1.0]		[1.0]		[1.0]		[4]		
251		[1.0]		[1.0]		[1.0]		[1.0]		[1.0]		[1.0]		[1.0]		[1.0]		[1.0]		[1.0]		[4]		
252		[1.0]		[1.0]		[1.0]		[1.0]		[1.0]		[1.0]		[1.0]		[1.0]		[1.0]		[1.0]		[4]		
253		[1.0]		[1.0]		[1.0]		[1.0]		[1.0]		[1.0]		[1.0]		[1.0]		[1.0]		[1.0]		[4]		
254		[1.0]		[1.0]		[1.0]		[1.0]		[1.0]		[1.0]		[1.0]		[1.0]		[1.0]		[1.0]		[4]		
255		[1.0]		[1.0]		[1.0]		[1.0]		[1.0]		[1.0]		[1.0]		[1.0]		[1.0]		[1.0]		[4]		
256		[1.0]		[1.0]		[1.0]		[1.0]		[1.0]		[1.0]		[1.0]		[1.0]		[1.0]		[1.0]		[4]		
257		[1.0]		[1.0]		[1.0]		[1.0]		[1.0]		[1.0]		[1.0]		[1.0]		[1.0]		[1.0]		[4]		
258		[1.0]		[1.0]		[1.0]		[1.0]		[1.0]		[1.0]		[1.0]		[1.0]		[1.0]		[1.0]		[4]		
259		[1.0]		[1.0]		[1.0]		[1.0]		[1.0]		[1.0]		[1.0]		[1.0]		[1.0]		[1.0]		[4]		
260		[1.0]		[1.0]		[1.0]		[1.0]		[1.0]		[1.0]		[1.0]		[1.0]		[1.0]		[1.0]		[4]		
261		[1.0]		[1.0]		[1.0]		[1.0]		[1.0]		[1.0]		[1.0]		[1.0]		[1.0]		[1.0]		[4]		
262		[1.0]		[1.0]		[1.0]		[1.0]		[1.0]		[1.0]		[1.0]		[1.0]		[1.0]		[1.0]		[4]		
263		[1.0]		[1.0]		[1.0]		[1.0]		[1.0]		[1.0]		[1.0]		[1.0]		[1.0]		[1.0]		[4]		
264		[1.0]		[1.0]		[1.0]		[1.0]		[1.0]		[1.0]		[1.0]		[1.0]		[1.0]		[1.0]		[4]		
265		[1.0]		[1.0]		[1.0]		[1.0]		[1.0]		[1.0]		[1.0]		[1.0]		[1.0]		[1.0]		[4]		
266		[1.0]		[1.0]		[1.0]		[1.0]		[1.0]		[1.0]		[1.0]		[1.0]		[1.0]		[1.0]		[4]		
267		[1.0]		[1.0]		[1.0]		[1.0]		[1.0]		[1.0]		[1.0]		[1.0]		[1.0]		[1.0]		[4]		
268		[1.0]		[1.0]		[1.0]		[1.0]		[1.0]		[1.0]		[1.0]		[1.0]		[1.0]		[1.0]		[4]		
269		[1.0]		[1.0]		[1.0]		[1.0]		[1.0]		[1.0]		[1.0]		[1.0]		[1.0]		[1.0]		[4]		
270		[1.0]		[1.0]		[1.0]		[1.0]		[1.0]		[1.0]		[1.0]		[1.0]		[1.0]		[1.0]		[4]		
271		[1.0]		[1.0]		[1.0]		[1.0]		[1.0]		[1.0]		[1.0]		[1.0]		[1.0]		[1.0]		[4]		
272		[1.0]		[1.0]		[1.0]		[1.0]		[1.0]		[1.0]		[1.0]		[1.0]		[1.0]		[1.0]		[4]		
273		[1.0]		[1.0]		[1.0]		[1.0]		[1.0]		[1.0]		[1.0]		[1.0]		[1.0]		[1.0]		[4]		
274		[1.0]		[1.0]		[1.0]		[1.0]		[1.0]		[1.0]		[1.0]		[1.0]		[1.0]		[1.0]		[4]		
275		[1.0]		[1.0]		[1.0]		[1.0]		[1.0]		[1.0]		[1.0]		[1.0]		[1.0]		[1.0]		[4]		
276		[1.0]		[1.0]		[1.0]		[1.0]		[1.0]		[1.0]		[1.0]		[1.0]		[1.0]		[1.0]		[4]		
277		[1.0]		[1.0]		[1.0]		[1.0]		[1.0]		[1.0]		[1.0]		[1.0]		[1.0]		[1.0]		[4]		
278		[1.0]		[1.0]		[1.0]		[1.0]		[1.0]		[1.0]		[1.0]		[1.0]		[1.0]		[1.0]		[4]		
279		[1.0]		[1.0]		[1.0]		[1.0]		[1.0]		[1.0]		[1.0]		[1.0]		[1.0]		[1.0]		[4]		
280		[1.0]		[1.0]		[1.0]		[1.0]		[1.0]		[1.0]		[1.0]		[1.0]		[1.0]		[1.0]		[4]		
281		[1.0]		[1.0]		[1.0]		[1.0]		[1.0]		[1.0]		[1.0]		[1.0]		[1.0]		[1.0]		[4]		
282		[1.0]		[1.0]		[1.0]		[1.0]		[1.0]		[1.0]		[1.0]		[1.0]		[1.0]		[1.0]		[4]		
283		[1.0]		[1.0]		[1.0]		[1.0]		[1.0]		[1.0]		[1.0]		[1.0]		[1.0]		[1.0]		[4]		
284		[1.0]		[1.0]		[1.0]		[1.0]		[1.0]		[1.0]		[1.0]		[1.0]		[1.0]		[1.0]		[4]		
285		[1.0]		[1.0]		[1.0]		[1.0]		[1.0]		[1.0]		[1.0]		[1.0]		[1.0]		[1.0]		[4]		
286		[1.0]		[1.0]		[1.0]		[1.0]		[1.0]		[1.0]		[1.0]		[1.0]		[1.0]		[1.0]		[4]		
287		[1.0]		[1.0]		[1.0]		[1.0]		[1.0]		[1.0]		[1.0]		[1.0]		[1.0]		[1.0]		[4]		
288		[1.0]		[1.0]		[1.0]		[1.0]		[1.0]		[1.0]		[1.0]		[1.0]		[1.0]		[1.0]		[5]		
289		[1.0]		[1.0]		[1.0]		[1.0]		[1.0]		[1.0]		[1.0]		[1.0]		[1.0]		[1.0]		[5]		
290		[1.0]		[1.0]		[1.0]		[1.0]		[1.0]		[1.0]		[1.0]		[1.0]		[1.0]		[1.0]		[5]		
291		[1.0]		[1.0]		[1.0]		[1.0]		[1.0]		[1.0]		[1.0]		[1.0]		[1.0]		[1.0]		[5]		
292		[1.0]		[1.0]		[1.0]		[1.0]		[1.0]		[1.0]		[1.0]		[1.0]		[1.0]		[1.0]		[5]		
293		[1.0]		[1.0]		[1.0]		[1.0]		[1.0]		[1.0]		[1.0]		[1.0]		[1.0]		[1.0]		[5]		
294		[1.0]		[1.0]		[1.0]		[1.0]		[1.0]		[1.0]		[1.0]		[1.0]		[1.0]		[1.0]		[5]		
295		[1.0]		[1.0]		[1.0]		[1.0]		[1.0]		[1.0]		[1.0]		[1.0]		[1.0]		[1.0]		[5]		
296		[1.0]		[1.0]		[1.0]		[1.0]		[1.0]		[1.0]		[1.0]		[1.0]		[1.0]		[1.0]		[5]		
297		[1.0]		[1.0]		[1.0]		[1.0]		[1.0]		[1.0]		[1.0]		[1.0]		[1.0]		[1.0]		[5]		
298		[1.0]		[1.0]		[1.0]		[1.0]		[1.0]		[1.0]		[1.0]		[1.0]		[1.0]		[1.0]		[5]		
299		[1.0]		[1.0]		[1.0]		[1.0]		[1.0]		[1.0]		[1.0]		[1.0]		[1.0]		[1.0]		[5]		
300		[1.0]		[1.0]		[1.0]		[1.0]		[1.0]		[1.0]		[1.0]		[1.0]		[1.0]		[1.0]		[5]		
301		[1.0]		[1.0]		[1.0]		[1.0]		[1.0]		[1.0]		[1.0]		[1.0]		[1.0]		[1.0]		[5]		
302		[1.0]		[1.0]		[1.0]		[1.0]		[1.0]		[1.0]		[1.0]		[1.0]		[1.0]		[1.0]		[5]		
303		[1.0]		[1.0]		[1.0]		[1.0]		[1.0]		[1.0]		[1.0]		[1.0]		[1.0]		[1.0]		[5]		
304		[1.0]		[1.0]		[1.0]		[1.0]		[1.0]		[1.0]		[1.0]		[1.0]		[1.0]		[1.0]		[5]		
305		[1.0]		[1.0]		[1.0]		[1.0]		[1.0]		[1.0]		[1.0]		[1.0]		[1.0]		[1.0]		[5]		
306		[1.0]		[1.0]		[1.0]		[1.0]		[1.0]		[1.0]		[1.0]		[1.0]		[1.0]		[1.0]		[5]		
307		[1.0]		[1.0]		[1.0]		[1.0]		[1.0]		[1.0]		[1.0]		[1.0]		[1.0]		[1.0]		[5]		
308		[1.0]		[1.0]		[1.0]		[1.0]		[1.0]		[1.0]		[1.0]		[1.0]		[1.0]		[1.0]		[5]		
309		[1.0]		[1.0]		[1.0]		[1.0]		[1.0]		[1.0]		[1.0]		[1.0]		[1.0]		[1.0]		[5]		
310		[1.0]		[1.0]		[1.0]		[1.0]		[1.0]		[1.0]		[1.0]		[1.0]		[1.0]		[1.0]		[5]		
311		[1.0]		[1.0]		[1.0]		[1.0]		[1.0]		[1.0]		[1.0]		[1.0]		[1.0]		[1.0]		[5]		
312		[1.0]		[1.0]		[1.0]		[1.0]		[1.0]		[1.0]		[1.0]		[1.0]		[1.0]		[1.0]		[5]		
313		[1.0]		[1.0]		[1.0]		[1.0]		[1.0]		[1.0]		[1.0]		[1.0]		[1.0]		[1.0]		[5]		
314		[1.0]		[1.0]		[1.0]		[1.0]		[1.0]		[1.0]		[1.0]		[1.0]		[1.0]		[1.0]		[5]		
315		[1.0]		[1.0]		[1.0]		[1.0]		[1.0]		[1.0]		[1.0]		[1.0]		[1.0]		[1.0]		[5]		
316		[1.0]		[1.0]		[1.0]		[1.0]		[1.0]		[1.0]		[1.0]		[1.0]		[1.0]		[1.0]		[5]		
317		[1.0]		[1.0]		[1.0]		[1.0]		[1.0]		[1.0]		[1.0]		[1.0]		[1.0]		[1.0]		[5]		
318		[1.0]		[1.0]		[1.0]		[1.0]		[1.0]		[1.0]		[1.0]		[1.0]		[1.0]		[1.0]		[5]		
319		[1.0]		[1.0]		[1.0]		[1.0]		[1.0]		[1.0]		[1.0]		[1.0]		[1.0]		[1.0]		[5]		
320		[1.0]		[1.0]		[1.0]		[1.0]		[1.0]		[1.0]		[1.0]		[1.0]		[1.0]		[1.0]		[5]		
321		[1.0]		[1.0]		[1.0]		[1.0]		[1.0]		[1.0]		[1.0]		[1.0]		[1.0]		[1.0]		[5]		
322		[1.0]		[1.0]		[1.0]		[1.0]		[1.0]		[1.0]		[1.0]		[1.0]		[1.0]		[1.0]		[5]		
323		[1.0]		[1.0]		[1.0]		[1.0]		[1.0]		[1.0]		[1.0]		[1.0]		[1.0]		[1.0]		[5]		
324		[1.0]		[1.0]		[1.0]		[1.0]		[1.0]		[1.0]		[1.0]		[1.0]		[1.0]		[1.0]		[5]		
325		[1.0]		[1.0]		[1.0]		[1.0]		[1.0]		[1.0]		[1.0]		[1.0]		[1.0]		[1.0]		[5]		
326		[1.0]		[1.0]		[1.0]		[1.0]		[1.0]		[1.0]		[1.0]		[1.0]		[1.0]		[1.0]		[5]		
327		[1.0]		[1.0]		[1.0]		[1.0]		[1.0]		[1.0]		[1.0]		[1.0]		[1.0]		[1.0]		[5]		
328		[1.0]		[1.0]		[1.0]		[1.0]		[1.0]		[1.0]		[1.0]		[1.0]		[1.0]		[1.0]		[5]		
329		[1.0]		[1.0]		[1.0]		[1.0]		[1.0]		[1.0]		[1.0]		[1.0]		[1.0]		[1.0]		[5]		
330		[1.0]		[1.0]		[1.0]		[1.0]		[1.0]		[1.0]		[1.0]		[1.0]		[1.0]		[1.0]		[5]		
331		[1.0]		[1.0]		[1.0]		[1.0]		[1.0]		[1.0]		[1.0]		[1.0]		[1.0]		[1.0]		[5]		
332		[1.0]		[1.0]		[1.0]		[1.0]		[1.0]		[1.0]		[1.0]		[1.0]		[1.0]		[1.0]		[5]		
333		[1.0]		[1.0]		[1.0]		[1.0]		[1.0]		[1.0]		[1.0]		[1.0]		[1.0]		[1.0]		[5]		
334		[1.0]		[1.0]		[1.0]		[1.0]		[1.0]		[1.0]		[1.0]		[1.0]		[1.0]		[1.0]		[5]		
335		[1.0]		[1.0]		[1.0]		[1.0]		[1.0]		[1.0]		[1.0]		[1.0]		[1.0]		[1.0]		[5]		
336		[1.0]		[1.0]		[1.0]		[1.0]		[1.0]		[1.0]		[1.0]		[1.0]		[1.0]		[1.0]		[5]		
337		[1.0]		[1.0]		[1.0]		[1.0]		[1.0]		[1.0]		[1.0]		[1.0]		[1.0]		[1.0]		[5]		
338		[1.0]		[1.0]		[1.0]		[1.0]		[1.0]		[1.0]		[1.0]		[1.0]		[1.0]		[1.0]		[5]		
339		[1.0]		[1.0]		[1.0]		[1.0]		[1.0]		[1.0]		[1.0]		[1.0]		[1.0]		[1.0]		[5]		
340		[1.0]		[1.0]		[1.0]		[1.0]		[1.0]		[1.0]		[1.0]		[1.0]		[1.0]		[1.0]		[5]		
341		[1.0]		[1.0]		[1.0]		[1.0]		[1.0]		[1.0]		[1.0]		[1.0]		[1.0]		[1.0]		[5]		
342		[1.0]		[1.0]		[1.0]		[1.0]		[1.0]		[1.0]		[1.0]		[1.0]		[1.0]		[1.0]		[5]		
343		[1.0]		[1.0]		[1.0]		[1.0]		[1.0]		[1.0]		[1.0]		[1.0]		[1.0]		[1.0]		[5]		
344		[1.0]		[1.0]		[1.0]		[1.0]		[1.0]		[1.0]		[1.0]		[1.0]		[1.0]		[1.0]		[5]		
345		[1.0]		[1.0]		[1.0]		[1.0]		[1.0]		[1.0]		[1.0]		[1.0]		[1.0]		[1.0]		[5]		
346		[1.0]		[1.0]		[1.0]		[1.0]		[1.0]		[1.0]		[1.0]		[1.0]		[1.0]		[1.0]		[5]		
347		[1.0]		[1.0]		[1.0]		[1.0]		[1.0]		[1.0]		[1.0]		[1.0]		[1.0]		[1.0]		[5]		
348		[1.0]		[1.0]		[1.0]		[1.0]		[1.0]		[1.0]		[1.0]		[1.0]		[1.0]		[1.0]		[5]		
349		[1.0]		[1.0]		[1.0]		[1.0]		[1.0]		[1.0]		[1.0]		[1.0]		[1.0]		[1.0]		[5]		
350		[1.0]		[1.0]		[1.0]		[1.0]		[1.0]		[1.0]		[1.0]		[1.0]		[1.0]		[1.0]		[5]		
351		[1.0]		[1.0]		[1.0]		[1.0]		[1.0]		[1.0]		[1.0]		[1.0]		[1.0]		[1.0]		[5]		
352		[1.0]		[1.0]		[1.0]		[1.0]		[1.0]		[1.0]		[1.0]		[1.0]		[1.0]		[1.0]		[5]		
353		[1.0]		[1.0]		[1.0]		[1.0]		[1.0]		[1.0]		[1.0]		[1.0]		[1.0]		[1.0]		[5]		
354		[1.0]		[1.0]		[1.0]		[1.0]		[1.0]		[1.0]		[1.0]		[1.0]		[1.0]		[1.0]		[5]		
355		[1.0]		[1.0]		[1.0]		[1.0]		[1.0]		[1.0]		[1.0]		[1.0]		[1.0]		[1.0]		[5]		
356		[1.0]		[1.0]		[1.0]		[1.0]		[1.0]		[1.0]		[1.0]		[1.0]		[1.0]		[1.0]		[5]		
357		[1.0]		[1.0]		[1.0]		[1.0]		[1.0]		[1.0]		[1.0]		[1.0]		[1.0]		[1.0]		[5]		
358		[1.0]		[1.0]		[1.0]		[1.0]		[1.0]		[1.0]		[1.0]		[1.0]		[1.0]		[1.0]		[5]		
359		[1.0]		[1.0]		[1.0]		[1.0]		[1.0]		[1.0]		[1.0]		[1.0]		[1.0]		[1.0]		[5]		
